0.01000	
0.02000	
0.05000	
0.05000	
0.01000	
0.01000	
0.01000	
0.01000	
0.01000	
0.01000	
0.01000	
0.04000	
0.01000	
0.01000	
0.02000	
0.04000	
0.01000	
0.01000	
0.02000	
0.01000	
0.01000	
0.01000	
0.03000	
0.01000	
0.01000	
0.01000	
0.01000	
0.01000	
0.01000	
0.01000	
0.01000	
0.01000	
0.01000	
0.01000	
0.01000	
0.01000	
0.01000	
0.02000	
0.01000	
0.01000	
0.01000	
0.01000	
0.01000	
0.01000	
0.01000	
0.01000	
0.01000	
0.02000	
0.01000	
0.01000	
0.01000	
0.01000	
0.01000	
0.01000	
0.03000	
0.06000	
0.01000	
0.01000	
0.01000	
0.01000	
0.01000	
0.01000	
0.01000	
