1	174781120	14
3	174777718	10
8	174780607	7
8	174781327	7
9	174777660	9
10	174780718	12
10	174781315	12
11	174780377	7
11	174781279	7
14	174778262	11
16	174781399	7
16	174780978	7
17	174781020	12
17	174780686	12
18	174778468	13
18	174780820	13
20	174777430	9
21	174781307	10
21	174781413	10
22	174780395	12
22	174780696	12
24	174777872	8
24	174781175	8
26	174778002	9
27	174777594	13
28	174777844	9
28	174780904	9
31	174780684	11
31	174781543	11
35	174777834	10
35	174778270	10
36	174778330	12
38	174780744	14
38	174780870	14
39	174777702	10
39	174781229	10
40	174778074	14
42	174777960	7
43	174778002	13
45	174780503	8
45	174780968	8
50	174777808	14
52	174780413	14
52	174781515	14
53	174780770	12
53	174780463	12
54	174781499	11
54	174781527	11
55	174777762	14
55	174781191	14
57	174778150	10
59	174777676	14
59	174781181	14
63	174778538	7
64	174777840	14
67	174778254	13
68	174780808	12
68	174781181	12
69	174781207	9
69	174781215	9
70	174778540	14
70	174778434	14
72	174780864	11
72	174780575	11
73	174781098	10
73	174781293	10
74	174780649	9
74	174780587	9
76	174778408	14
76	174777604	14
77	174780764	13
77	174780824	13
78	174777892	9
78	174780445	9
79	174777578	8
80	174780439	10
80	174780686	10
82	174778276	8
82	174778156	8
83	174781415	8
83	174780463	8
84	174778224	7
84	174781389	7
85	174780601	7
85	174781325	7
87	174778214	14
88	174780627	14
88	174780698	14
91	174780443	11
91	174780984	11
92	174777578	12
93	174780750	7
93	174780457	7
94	174780692	14
94	174781046	14
96	174777508	14
96	174780904	14
97	174777522	12
100	174778424	12
100	174781131	12
101	174777960	12
102	174778366	8
103	174781143	13
103	174781379	13
105	174777434	8
107	174781135	8
107	174781515	8
108	174777396	12
108	174780900	12
109	174778510	13
110	174778538	9
111	174780976	10
111	174780870	10
112	174777536	13
115	174777504	14
116	174780493	8
116	174780892	8
119	174780684	13
119	174780663	13
120	174778588	8
121	174780437	14
121	174780587	14
122	174778158	12
125	174777846	9
126	174780808	8
126	174781315	8
127	174780503	14
127	174781349	14
128	174778384	8
129	174778214	10
131	174780559	8
131	174781379	8
132	174778004	13
135	174777834	10
135	174777502	10
136	174780589	13
136	174781008	13
138	174778408	9
138	174777946	9
139	174778090	7
140	174777762	8
140	174780894	8
141	174780846	11
141	174780535	11
146	174780842	12
146	174781519	12
147	174781365	14
147	174781191	14
148	174777960	9
149	174780898	9
149	174781543	9
151	174777508	9
151	174781537	9
153	174777578	9
154	174778226	8
154	174777572	8
155	174781062	14
155	174780998	14
156	174777980	14
157	174777736	7
159	174777844	14
159	174781353	14
161	174777406	8
162	174778330	9
165	174780856	10
166	174777850	11
166	174777950	11
168	174781405	12
168	174780663	12
169	174781365	8
169	174780421	8
170	174780898	13
170	174781347	13
171	174781351	8
171	174780587	8
173	174777466	12
174	174778234	8
174	174781018	8
176	174780948	9
176	174780716	9
177	174781423	10
177	174780411	10
178	174781309	7
178	174781255	7
180	174777742	13
180	174781451	13
181	174778274	14
181	174780758	14
182	174781365	13
182	174780780	13
186	174780888	9
186	174781267	9
190	174780377	7
190	174781293	7
192	174777742	14
192	174781235	14
194	174781553	13
194	174780619	13
195	174778388	8
195	174777522	8
196	174777718	12
199	174777826	7
199	174777502	7
205	174777858	7
206	174778002	13
207	174777620	8
207	174780930	8
210	174777554	12
211	174777952	8
211	174781006	8
212	174781479	7
212	174781273	7
213	174777858	9
216	174781116	12
216	174781267	12
217	174777522	11
219	174778392	14
219	174780826	14
220	174780846	12
220	174780523	12
222	174780577	9
222	174780814	9
224	174777610	13
227	174777856	10
227	174780974	10
228	174780860	7
228	174780541	7
229	174777418	12
229	174781529	12
230	174781495	12
230	174781106	12
231	174781062	7
231	174781547	7
233	174781475	13
233	174780802	13
234	174777778	13
237	174777960	9
238	174778410	14
238	174777884	14
239	174777716	9
240	174781367	14
240	174780457	14
241	174777430	8
242	174777872	12
242	174780968	12
243	174777702	14
243	174781006	14
245	174777470	12
246	174777594	10
249	174778146	8
250	174781467	10
250	174781391	10
251	174777402	13
251	174780381	13
253	174777840	8
254	174781457	11
254	174781229	11
255	174778372	13
255	174781407	13
256	174780601	14
256	174780587	14
257	174781137	11
257	174781046	11
259	174780956	8
259	174780978	8
260	174781135	14
260	174781008	14
261	174780389	7
261	174780980	7
262	174777716	14
263	174778588	11
265	174777660	12
268	174778156	9
270	174777666	14
270	174780579	14
271	174780475	14
271	174781068	14
272	174777880	11
272	174780698	11
273	174780641	8
273	174780541	8
274	174777716	8
275	174781415	10
275	174781413	10
276	174777990	14
276	174780970	14
279	174777736	9
283	174780770	10
283	174781026	10
286	174777470	7
288	174777704	7
289	174780631	11
289	174781447	11
290	174780601	12
290	174780495	12
292	174780631	13
292	174780824	13
296	174780433	13
296	174780736	13
297	174778206	9
297	174777640	9
298	174780503	9
298	174781537	9
301	174781207	11
301	174780643	11
302	174781139	11
302	174781531	11
308	174777818	9
309	174777462	8
310	174780353	9
310	174780772	9
311	174781239	8
311	174781225	8
312	174778454	13
312	174777770	13
313	174781367	8
313	174781125	8
314	174780828	10
314	174781437	10
315	174780439	8
315	174781539	8
319	174780864	10
319	174781046	10
320	174777494	9
320	174777846	9
321	174777652	8
322	174778214	14
323	174778430	7
324	174780601	11
324	174781391	11
326	174780447	9
326	174781100	9
328	174778410	13
329	174781351	8
329	174781325	8
331	174781098	11
331	174780998	11
332	174777470	14
333	174781307	11
333	174781433	11
335	174780561	8
336	174777840	11
338	174778224	14
338	174780609	14
339	174780740	14
339	174780696	14
340	174777462	10
342	174778278	7
342	174777846	7
346	174781137	8
346	174780523	8
347	174778430	10
348	174778060	7
350	174781553	9
350	174780561	9
351	174778090	14
352	174780986	7
352	174781455	7
359	174781299	7
359	174780399	7
361	174781475	9
361	174780772	9
363	174781116	14
363	174781455	14
364	174777554	10
365	174777702	7
365	174781413	7
368	174780712	13
368	174780874	13
372	174777794	14
379	174777742	10
379	174780431	10
380	174778054	10
381	174777764	12
384	174777466	7
385	174780511	9
387	174778404	9
388	174781129	8
388	174780463	8
391	174778010	11
394	174777400	10
394	174780958	10
397	174777696	11
397	174780992	11
399	174778090	9
400	174780880	13
400	174780485	13
401	174778366	9
404	174777470	7
406	174777944	13
408	174777624	8
411	174781367	9
411	174780774	9
412	174780377	12
412	174780954	12
413	174778530	10
413	174781447	10
414	174778232	7
415	174781339	12
416	174777980	8
417	174777844	12
417	174781072	12
418	174778292	11
419	174781375	11
419	174781379	11
420	174777400	9
420	174780421	9
422	174777564	7
422	174780704	7
426	174777452	8
427	174780429	12
427	174780495	12
429	174778430	14
430	174778090	13
431	174778396	13
431	174778384	13
436	174780377	11
436	174780998	11
438	174780657	10
438	174781293	10
440	174780607	8
440	174781531	8
441	174777736	13
442	174778254	12
443	174780557	9
443	174781539	9
444	174781239	12
444	174780774	12
445	174781307	14
445	174781447	14
446	174778250	11
446	174780651	11
447	174780798	9
447	174780421	9
448	174780962	8
448	174781279	8
449	174780828	10
449	174780696	10
453	174777960	14
454	174778372	9
454	174780698	9
456	174781135	7
456	174780587	7
457	174781415	12
457	174781497	12
459	174781159	11
459	174780978	11
460	174781397	13
460	174781008	13
461	174777572	14
463	174777470	14
465	174781229	8
468	174778134	8
468	174780445	8
469	174777952	9
469	174781537	9
471	174778388	10
471	174778270	10
472	174781207	11
472	174780930	11
474	174778264	11
475	174777396	13
475	174781133	13
476	174781441	7
476	174781191	7
477	174780377	9
477	174780393	9
478	174777778	13
482	174777636	8
483	174778522	9
485	174777492	10
486	174777462	11
487	174780601	13
487	174781379	13
488	174780986	10
488	174780802	10
498	174778424	9
498	174781072	9
499	174780649	8
499	174780645	8
503	174777702	9
503	174781177	9
504	174781467	10
504	174781273	10
506	174780898	11
506	174780890	11
507	174781307	10
507	174780728	10
509	174778124	12
510	174778410	9
510	174778302	9
511	174778558	10
511	174781006	10
516	174777554	11
518	174778336	12
519	174777660	13
520	174777950	8
521	174781509	8
521	174781279	8
522	174777400	8
522	174781171	8
526	174777636	11
527	174780613	13
527	174781379	13
530	174781549	14
530	174781046	14
531	174777844	13
531	174781459	13
534	174777704	12
535	174780557	14
535	174781493	14
536	174777578	10
537	174780425	11
537	174780421	11
538	174777462	10
540	174777840	10
541	174780924	8
541	174781339	8
542	174778496	8
542	174780477	8
543	174780633	12
543	174780978	12
544	174778522	12
545	174778152	10
545	174777902	10
546	174777508	14
546	174781215	14
547	174777434	10
550	174780401	7
550	174780824	7
552	174780924	9
552	174781245	9
553	174780395	10
553	174781285	10
554	174781309	9
554	174781040	9
555	174778254	8
557	174777818	9
558	174781239	14
558	174781125	14
561	174780722	11
561	174781120	11
562	174777892	13
562	174781331	13
563	174777672	14
563	174777944	14
564	174780433	14
564	174781076	14
567	174780369	14
567	174780663	14
568	174777840	11
570	174777504	12
571	174778246	9
572	174778246	9
574	174778502	13
574	174777902	13
576	174778396	10
576	174777386	10
577	174778214	11
578	174777610	9
579	174777620	11
579	174781229	11
580	174781365	8
580	174781241	8
585	174781489	10
585	174780696	10
589	174778106	10
589	174781297	10
590	174781014	11
590	174781547	11
593	174780750	11
593	174781401	11
594	174778336	9
595	174778378	7
596	174778336	12
597	174778510	10
600	174777430	10
605	174778320	11
605	174777502	11
607	174778582	10
611	174777916	10
612	174780413	9
612	174781046	9
613	174778392	8
613	174781353	8
614	174781014	12
614	174780495	12
615	174777762	13
615	174781433	13
617	174778522	8
624	174777704	9
626	174780389	14
626	174781147	14
629	174781475	11
629	174780575	11
630	174778344	8
630	174777386	8
631	174780589	10
631	174781100	10
632	174781265	8
632	174780998	8
637	174777704	12
640	174777546	10
640	174780585	10
642	174780750	9
642	174780932	9
643	174778224	12
643	174781125	12
645	174778588	9
646	174781135	13
646	174781527	13
648	174780898	14
648	174780587	14
649	174781118	13
649	174780702	13
651	174778514	8
651	174781493	8
652	174778250	13
652	174780477	13
653	174780994	10
653	174781447	10
654	174778150	14
657	174777736	7
658	174781116	11
658	174780802	11
661	174777810	13
664	174777492	10
665	174778054	9
668	174778514	10
668	174780890	10
669	174780591	12
669	174780978	12
673	174778224	12
673	174781401	12
674	174780589	10
674	174780686	10
677	174780671	12
677	174781171	12
678	174777434	13
679	174778430	8
680	174777862	13
682	174780976	11
682	174781527	11
685	174778150	13
688	174778468	9
688	174781197	9
689	174777840	12
690	174777862	14
692	174777794	11
693	174780425	11
693	174780932	11
696	174777974	7
697	174778150	10
699	174780982	10
699	174781527	10
700	174780627	11
700	174781261	11
704	174777414	7
705	174780718	10
705	174780676	10
706	174777874	14
706	174780930	14
707	174777990	10
707	174780742	10
708	174778486	9
709	174777450	9
709	174778270	9
710	174781291	10
710	174780421	10
711	174781118	12
711	174781120	12
713	174780994	12
713	174780463	12
716	174778232	9
717	174778246	8
718	174777610	13
719	174778074	12
720	174777888	9
720	174781167	9
721	174780798	12
721	174781072	12
722	174777470	10
723	174780976	11
723	174781391	11
727	174778502	8
727	174777974	8
731	174780880	13
731	174780980	13
732	174777794	12
735	174777932	10
735	174780457	10
736	174778330	12
738	174780627	12
738	174780774	12
741	174778262	12
742	174777884	7
743	174780425	14
743	174781106	14
745	174781002	8
745	174781325	8
747	174777692	14
748	174777470	12
750	174780750	12
750	174780485	12
753	174777874	13
753	174780579	13
754	174781145	13
754	174781379	13
755	174778530	13
755	174781459	13
757	174777450	7
757	174777502	7
763	174777636	11
765	174778130	8
769	174777414	11
770	174778060	7
771	174780377	11
771	174781431	11
772	174777840	12
773	174781365	14
773	174780485	14
774	174777450	12
774	174777946	12
775	174777844	13
775	174780431	13
776	174778082	9
781	174777554	7
782	174778552	8
783	174778072	14
783	174777386	14
785	174781124	8
785	174780595	8
787	174781137	8
787	174781255	8
788	174777794	10
789	174777990	10
789	174780471	10
791	174780611	12
791	174780736	12
793	174778074	14
794	174777620	13
794	174780980	13
795	174777704	14
796	174778538	12
797	174778538	12
798	174777612	8
798	174781315	8
799	174781365	12
799	174780704	12
800	174780577	10
800	174780365	10
801	174778330	14
803	174778088	14
803	174780988	14
807	174778088	13
807	174781385	13
810	174781004	14
810	174781437	14
811	174778404	8
812	174777716	12
814	174781457	8
814	174781241	8
816	174780433	8
816	174781343	8
818	174778386	11
818	174778338	11
819	174778214	10
820	174777702	11
820	174781485	11
821	174777470	14
823	174777554	12
825	174781397	8
825	174780495	8
827	174778134	8
827	174781131	8
830	174777520	11
832	174777770	8
833	174777620	14
833	174780904	14
834	174777564	14
834	174780988	14
835	174781475	11
835	174781539	11
838	174777406	7
840	174781265	13
840	174781301	13
841	174781379	8
842	174780439	13
842	174780694	13
844	174777696	9
844	174781006	9
845	174778344	11
845	174778050	11
847	174781365	9
847	174780716	9
848	174778430	8
850	174777834	7
850	174777950	7
851	174780353	12
851	174780694	12
852	174781399	11
852	174780495	11
853	174780353	12
853	174780523	12
854	174777594	14
857	174781441	11
857	174781413	11
858	174777416	8
858	174777912	8
859	174780443	14
859	174780932	14
860	174778404	11
861	174781307	11
861	174780780	11
862	174778352	12
863	174777922	9
863	174778264	9
865	174780764	10
865	174780585	10
866	174777402	7
866	174781181	7
868	174780750	11
868	174781072	11
869	174778530	9
869	174780383	9
873	174777778	9
875	174781351	11
875	174781539	11
877	174777988	9
877	174780992	9
879	174777818	11
880	174780786	12
880	174781100	12
883	174780864	14
883	174781391	14
884	174777588	8
886	174780401	13
886	174780415	13
888	174781291	14
888	174780643	14
891	174778372	10
891	174780431	10
894	174780890	14
895	174778090	14
896	174777704	14
898	174780842	10
898	174781068	10
902	174778232	7
903	174780842	9
903	174781437	9
904	174780868	14
904	174781327	14
905	174777956	8
907	174778156	11
909	174777710	11
909	174777640	11
911	174777402	9
911	174780471	9
914	174778292	11
915	174778126	9
915	174777540	9
916	174777820	9
916	174778294	9
918	174777704	8
920	174778296	14
920	174781171	14
921	174777932	12
921	174780397	12
922	174777564	9
922	174781407	9
924	174778234	10
924	174781028	10
925	174781405	10
925	174781455	10
928	174778072	9
928	174778004	9
931	174777952	14
931	174780651	14
932	174777414	8
933	174780505	14
933	174780495	14
934	174778344	9
934	174778190	9
935	174780976	11
937	174777756	14
938	174780403	10
938	174781493	10
941	174777956	14
944	174777578	12
946	174778224	7
946	174781497	7
948	174777672	13
948	174777660	13
949	174778484	13
949	174777912	13
952	174777730	9
953	174777406	13
954	174778388	7
954	174778352	7
955	174780996	7
955	174781171	7
956	174777790	12
958	174777594	14
961	174777844	11
961	174780421	11
962	174781098	8
962	174781259	8
963	174781553	9
963	174780575	9
964	174778552	10
965	174777736	8
968	174781207	13
968	174781413	13
969	174778294	9
970	174780353	11
970	174780802	11
972	174778010	10
974	174781475	12
974	174781267	12
975	174781553	13
975	174780585	13
976	174777692	14
977	174780627	13
977	174780892	13
978	174777504	8
979	174780718	13
979	174780742	13
980	174781207	9
980	174781225	9
984	174777520	8
989	174778206	13
989	174777846	13
990	174778112	9
990	174777452	9
995	174778338	8
997	174777434	14
998	174778484	12
998	174777780	12
999	174777952	10
999	174781447	10
1002	174781122	7
1002	174781297	7
1003	174781169	9
1003	174781279	9
1006	174778246	10
1007	174780433	12
1007	174781401	12
1008	174778090	12
1011	174777492	8
1012	174780786	8
1012	174780870	8
1013	174777844	8
1013	174780988	8
1014	174777764	7
1015	174781415	11
1015	174781131	11
1020	174778150	10
1023	174778254	10
1024	174777980	10
1025	174778556	7
1025	174781072	7
1026	174780671	8
1026	174780774	8
1028	174780437	14
1028	174781325	14
1029	174777610	13
1030	174781145	9
1030	174780495	9
1034	174777916	13
1035	174777730	10
1036	174781475	11
1036	174781046	11
1038	174777952	10
1038	174781201	10
1040	174777696	10
1040	174781413	10
1041	174777778	13
1045	174777578	14
1047	174780864	9
1047	174781515	9
1048	174778424	12
1048	174781177	12
1051	174780637	12
1051	174780946	12
1052	174778558	14
1052	174781127	14
1053	174780625	40
1054	174780808	9
1054	174780780	9
1055	174780633	11
1055	174780686	11
1056	174778388	12
1056	174778004	12
1057	174780353	12
1057	174781213	12
1059	174778092	14
1060	174777790	7
1063	174780607	13
1063	174781096	13
1066	174778134	9
1066	174781283	9
1068	174777568	11
1069	174778190	12
1070	174781129	10
1070	174780746	10
1071	174780994	14
1071	174780702	14
1072	174780798	9
1072	174780431	9
1073	174781441	11
1073	174781225	11
1074	174778090	11
1076	174777418	9
1076	174781127	9
1078	174777872	13
1078	174780708	13
1079	174777980	13
1083	174781479	11
1083	174781040	11
1084	174781489	11
1084	174780619	11
1086	174777620	9
1086	174780519	9
1087	174777922	13
1087	174777526	13
1089	174781463	9
1089	174780686	9
1091	174778246	12
1095	174778062	14
1095	174777522	14
1096	174777778	11
1097	174777492	14
1098	174777810	12
1104	174778088	13
1104	174781006	13
1105	174780437	11
1105	174781539	11
1106	174781423	8
1106	174780393	8
1109	174777818	14
1110	174777660	12
1111	174780499	8
1111	174780643	8
1112	174778106	11
1112	174780802	11
1117	174777932	9
1117	174780463	9
1118	174781291	13
1118	174781353	13
1120	174778228	13
1120	174777556	13
1121	174778106	13
1121	174781255	13
1123	174777826	10
1123	174777846	10
1124	174777566	14
1124	174781131	14
1125	174780557	13
1125	174781297	13
1135	174778234	8
1135	174781497	8
1137	174777844	9
1137	174781339	9
1138	174777888	12
1138	174781010	12
1139	174780868	10
1139	174780850	10
1141	174777466	12
1142	174780888	10
1142	174780399	10
1143	174780764	13
1143	174781469	13
1149	174777710	12
1149	174777540	12
1151	174777742	14
1151	174780858	14
1153	174778106	12
1153	174781259	12
1154	174777504	11
1155	174778088	8
1155	174781133	8
1159	174777790	12
1161	174780722	7
1161	174781245	7
1164	174781449	10
1164	174780495	10
1166	174780389	11
1166	174781072	11
1167	174777834	9
1167	174778384	9
1168	174781457	8
1168	174780485	8
1169	174781207	8
1169	174780988	8
1171	174781421	107
1172	174778372	11
1172	174781459	11
1173	174778234	13
1173	174781485	13
1174	174777546	11
1174	174780696	11
1175	174780740	8
1175	174780814	8
1178	174778250	8
1178	174781018	8
1179	174780780	12
1181	174777572	9
1183	174778556	12
1183	174781181	12
1185	174778228	10
1185	174778050	10
1186	174778108	8
1186	174778326	8
1190	174778338	14
1192	174778266	13
1192	174781177	13
1193	174777606	8
1199	174781137	9
1199	174780663	9
1205	174780898	9
1205	174780998	9
1206	174781307	12
1206	174780904	12
1208	174778582	7
1209	174778158	8
1210	174777430	14
1212	174777988	9
1212	174781389	9
1214	174777452	11
1215	174780684	10
1215	174780850	10
1216	174777568	7
1217	174778294	14
1219	174780437	7
1219	174781096	7
1220	174778438	9
1220	174777640	9
1221	174777606	9
1222	174777702	13
1222	174780477	13
1223	174777636	9
1224	174778368	10
1225	174780722	7
1225	174781028	7
1226	174778484	10
1226	174777640	10
1230	174777884	14
1232	174780413	10
1232	174781285	10
1234	174777568	9
1235	174778264	11
1237	174778368	8
1238	174778096	9
1238	174780477	9
1239	174781457	12
1239	174780780	12
1241	174780649	9
1241	174781527	9
1242	174778276	12
1242	174777572	12
1243	174778378	12
1248	174778264	8
1253	174781153	8
1253	174780619	8
1254	174777692	8
1256	174778540	7
1256	174777540	7
1257	174778296	8
1257	174781451	8
1259	174778004	9
1260	174778318	8
1260	174780605	8
1262	174780499	14
1262	174780826	14
1263	174780509	8
1263	174781175	8
1264	174781026	10
1265	174777990	8
1265	174781529	8
1267	174777666	12
1267	174781389	12
1268	174781489	8
1268	174780365	8
1269	174780611	10
1269	174781241	10
1271	174778538	13
1272	174778232	9
1274	174777570	11
1274	174777804	11
1276	174780403	10
1276	174781096	10
1278	174777702	9
1278	174780405	9
1283	174780798	14
1283	174781175	14
1284	174780577	13
1284	174781301	13
1285	174778438	10
1285	174778270	10
1286	174778318	8
1286	174781018	8
1288	174777704	9
1289	174777636	14
1290	174780433	14
1290	174780383	14
1291	174777478	7
1291	174778004	7
1293	174780505	8
1293	174780890	8
1294	174778190	8
1296	174778254	9
1297	174778250	12
1297	174780992	12
1298	174777400	7
1298	174781072	7
1299	174777736	13
1300	174781137	9
1300	174780415	9
1301	174778330	7
1302	174781002	7
1302	174781539	7
1304	174781020	12
1305	174778424	11
1305	174780826	11
1308	174778468	14
1308	174780968	14
1309	174778382	11
1309	174777912	11
1311	174781365	12
1311	174780431	12
1312	174781365	12
1312	174780992	12
1313	174780493	12
1313	174781072	12
1315	174778088	13
1315	174780698	13
1317	174780437	8
1317	174781455	8
1319	174777980	13
1320	174778486	10
1323	174778228	14
1323	174777780	14
1325	174781457	10
1325	174781080	10
1327	174777960	9
1329	174777954	8
1330	174778496	11
1330	174780904	11
1332	174781449	14
1332	174781279	14
1334	174781004	13
1334	174781076	13
1335	174781351	12
1335	174781527	12
1337	174778386	10
1337	174777572	10
1338	174777636	8
1339	174778096	8
1339	174781353	8
1341	174778054	11
1343	174778274	10
1343	174780485	10
1344	174777944	12
1346	174781549	10
1346	174781547	10
1347	174777606	10
1348	174780860	9
1348	174781547	9
1349	174778090	13
1357	174777990	10
1357	174780647	10
1358	174778362	13
1358	174778146	13
1359	174781367	11
1359	174780904	11
1360	174777564	13
1360	174781529	13
1362	174777874	13
1362	174780708	13
1363	174780846	13
1363	174781493	13
1364	174777724	9
1364	174778434	9
1365	174778090	9
1367	174777660	11
1368	174777808	9
1369	174781479	9
1369	174781547	9
1370	174780499	8
1370	174781106	8
1371	174780880	9
1371	174781349	9
1372	174780712	12
1372	174781327	12
1375	174780868	11
1375	174781167	11
1376	174780475	14
1376	174781028	14
1377	174781265	10
1377	174781100	10
1378	174778202	13
1379	174778250	13
1379	174780746	13
1381	174777794	12
1382	174777526	10
1383	174781145	8
1384	174781145	8
1384	174780645	8
1385	174780429	11
1385	174781327	11
1387	174781062	12
1387	174780521	12
1389	174777764	8
1390	174777654	12
1390	174780397	12
1391	174778264	10
1392	174780962	10
1392	174780802	10
1395	174778124	13
1399	174780886	13
1399	174780553	13
1402	174778234	14
1402	174781175	14
1404	174778502	7
1404	174777804	7
1407	174780798	12
1407	174780728	12
1409	174777610	12
1411	174778156	14
1413	174778404	12
1414	174781311	9
1414	174780870	9
1415	174777862	8
1416	174777672	7
1416	174777554	7
1421	174780860	14
1421	174780736	14
1422	174777872	8
1422	174780970	8
1424	174778152	11
1424	174778510	11
1425	174780425	9
1425	174780980	9
1426	174778588	10
1427	174777952	13
1427	174781529	13
1428	174780505	13
1428	174780686	13
1430	174780631	9
1430	174780820	9
1432	174778092	14
1434	174778274	13
1434	174781120	13
1435	174778468	13
1435	174781349	13
1436	174781405	13
1436	174780870	13
1437	174778262	11
1438	174778418	8
1438	174778202	8
1439	174777804	11
1440	174780794	8
1440	174780780	8
1442	174778372	14
1442	174781529	14
1444	174778382	10
1444	174778190	10
1446	174780886	11
1446	174781102	11
1447	174780627	11
1447	174781385	11
1449	174781020	11
1449	174780694	11
1455	174780682	12
1455	174781539	12
1458	174780994	9
1458	174781106	9
1459	174778010	13
1460	174777922	14
1460	174778404	14
1461	174778090	12
1462	174780684	12
1462	174781279	12
1463	174777954	12
1463	174777572	12
1464	174777830	13
1465	174777406	10
1466	174777692	10
1468	174780864	11
1468	174781297	11
1469	174778226	7
1470	174781553	12
1470	174780521	12
1472	174778330	11
1474	174780413	10
1474	174780495	10
1475	174777554	11
1478	174777606	11
1481	174778530	9
1481	174780774	9
1484	174778264	13
1487	174781309	11
1487	174781469	11
1488	174777858	14
1490	174777478	8
1490	174777974	8
1491	174778112	11
1491	174778202	11
1492	174778088	8
1492	174780826	8
1493	174781305	8
1494	174778250	8
1494	174781497	8
1495	174778054	7
1498	174778214	8
1500	174777624	10
1501	174780395	14
1501	174781493	14
1502	174780443	14
1502	174781315	14
1507	174778430	14
1508	174777658	7
1508	174777780	7
1511	174777872	10
1511	174780676	10
1512	174780377	11
1512	174780790	11
1514	174780475	10
1514	174780463	10
1516	174780994	11
1516	174780988	11
1517	174778254	11
1520	174780994	11
1520	174781485	11
1522	174778318	12
1522	174781459	12
1523	174778338	11
1524	174780509	13
1524	174781261	13
1525	174777940	7
1526	174777952	9
1526	174780984	9
1527	174777818	9
1528	174781137	13
1528	174780575	13
1529	174777414	13
1531	174777568	11
1532	174778558	11
1532	174780900	11
1533	174778336	8
1534	174777526	13
1535	174778146	11
1537	174780433	11
1537	174781175	11
1539	174781375	9
1539	174781273	9
1540	174777940	11
1546	174777578	14
1547	174778318	11
1547	174780651	11
1548	174781004	11
1548	174780716	11
1551	174778392	11
1551	174780457	11
1552	174777402	14
1552	174781058	14
1554	174777724	10
1554	174777912	10
1556	174777522	14
1557	174778234	7
1557	174780698	7
1559	174778452	12
1559	174778326	12
1561	174778424	13
1561	174781181	13
1563	174778336	12
1565	174780682	11
1565	174780686	11
1566	174778366	12
1567	174780631	12
1567	174780477	12
1568	174781423	8
1568	174781301	8
1570	174778074	11
1572	174777578	7
1574	174780692	10
1574	174781527	10
1577	174777536	13
1578	174777520	8
1580	174777724	8
1580	174777386	8
1582	174778522	11
1583	174778556	8
1583	174781131	8
1584	174777790	7
1586	174777624	11
1588	174777594	9
1589	174777400	9
1589	174781447	9
1591	174778366	12
1593	174778388	9
1593	174777502	9
1595	174780828	11
1595	174780932	11
1597	174777520	9
1599	174777386	14
1601	174778430	10
1603	174780657	8
1603	174780802	8
1606	174778002	8
1607	174781495	12
1607	174780992	12
1608	174780377	10
1608	174781543	10
1609	174781139	9
1609	174781301	9
1613	174778404	9
1615	174781423	13
1615	174781100	13
1617	174781365	13
1617	174780553	13
1623	174778558	7
1623	174780676	7
1624	174781309	13
1624	174781531	13
1625	174781375	9
1625	174780790	9
1628	174777690	12
1628	174777950	12
1631	174780864	7
1631	174781531	7
1633	174778130	13
1636	174777406	12
1637	174780828	12
1637	174780365	12
1639	174778516	14
1640	174778040	10
1642	174780750	13
1642	174781235	13
1643	174778082	9
1644	174781351	9
1644	174780575	9
1646	174778344	13
1646	174778384	13
1647	174781120	13
1649	174780682	13
1649	174780978	13
1651	174778378	14
1652	174778234	10
1652	174781385	10
1653	174780503	13
1653	174780758	13
1654	174780439	11
1654	174781267	11
1656	174777466	11
1658	174780429	8
1658	174780455	8
1659	174777406	14
1660	174778556	10
1660	174780958	10
1663	174777818	8
1664	174780674	12
1664	174781106	12
1666	174778054	8
1667	174777702	12
1667	174781389	12
1671	174777630	11
1671	174777956	11
1672	174777978	14
1672	174780431	14
1673	174780657	11
1673	174780696	11
1675	174778368	7
1678	174778588	14
1682	174777660	11
1683	174777384	11
1683	174777804	11
1684	174778344	9
1684	174777846	9
1686	174777434	10
1687	174780631	11
1687	174780958	11
1688	174781265	8
1688	174781325	8
1689	174780924	11
1689	174781459	11
1690	174780401	13
1690	174780521	13
1696	174777536	10
1698	174778392	10
1698	174780820	10
1702	174777944	14
1703	174778454	13
1703	174778510	13
1708	174780864	10
1708	174780838	10
1709	174777658	14
1709	174778352	14
1710	174780692	10
1710	174780954	10
1711	174777790	13
1712	174777406	8
1714	174780924	14
1714	174781305	14
1715	174778368	10
1716	174777566	11
1716	174780746	11
1717	174778530	13
1717	174781191	13
1718	174778430	11
1719	174777978	9
1719	174781147	9
1720	174777872	8
1720	174780892	8
1721	174778214	12
1723	174778468	8
1723	174781229	8
1725	174777880	12
1725	174781028	12
1726	174777824	11
1727	174780425	10
1727	174781080	10
1728	174778226	14
1728	174777912	14
1729	174778336	12
1730	174781098	10
1730	174780870	10
1732	174781098	10
1732	174780349	10
1734	174777988	10
1734	174780471	10
1735	174777554	12
1736	174777718	14
1738	174777466	8
1740	174777940	12
1742	174777566	14
1742	174781068	14
1744	174777620	9
1744	174781245	9
1745	174777874	14
1745	174780381	14
1746	174780671	14
1746	174781215	14
1747	174781509	7
1747	174781100	7
1748	174781239	14
1748	174780968	14
1749	174778090	8
1750	174778232	9
1752	174777652	8
1754	174780962	11
1754	174781539	11
1755	174780613	11
1755	174780890	11
1760	174778062	12
1760	174778060	12
1761	174777862	12
1762	174780475	14
1762	174781305	14
1766	174778002	9
1767	174777932	11
1767	174781006	11
1769	174777466	11
1770	174780425	9
1770	174781167	9
1772	174778522	12
1773	174780607	11
1773	174780393	11
1774	174777396	13
1774	174780746	13
1775	174780750	10
1775	174780758	10
1776	174778274	7
1776	174781305	7
1778	174778378	12
1779	174780996	7
1779	174780774	7
1781	174777568	7
1783	174780641	9
1783	174780585	9
1785	174778502	9
1785	174777604	9
1790	174778072	7
1790	174777526	7
1791	174777610	7
1792	174781098	14
1792	174780772	14
1793	174778538	12
1794	174780864	12
1794	174780453	12
1798	174777508	9
1798	174780824	9
1799	174777756	10
1801	174777620	9
1801	174781433	9
1802	174778074	13
1805	174777660	10
1806	174780369	9
1806	174780802	9
1807	174778010	12
1808	174777764	8
1812	174778382	14
1812	174777770	14
1813	174778378	9
1814	174781139	12
1814	174781273	12
1815	174778206	9
1815	174778202	9
1818	174780722	11
1818	174781451	11
1819	174780684	14
1819	174780595	14
1820	174778054	13
1821	174780986	14
1821	174780415	14
1824	174777566	13
1824	174780708	13
1827	174777470	9
1828	174777820	10
1828	174777956	10
1829	174777820	7
1829	174778202	7
1830	174777554	13
1831	174777778	10
1832	174781375	11
1832	174781469	11
1834	174777850	14
1834	174777398	14
1835	174778054	10
1837	174778582	13
1838	174780611	9
1838	174781175	9
1839	174781351	8
1839	174780663	8
1840	174777520	12
1841	174778278	8
1841	174777780	8
1842	174780471	11
1843	174778454	12
1843	174777572	12
1844	174780443	8
1844	174780968	8
1847	174777676	13
1847	174781215	13
1848	174778454	14
1848	174778238	14
1849	174777418	10
1849	174781245	10
1851	174777730	13
1852	174777736	11
1853	174777396	11
1853	174781072	11
1855	174778552	9
1856	174777636	14
1857	174777624	8
1859	174781145	11
1859	174780595	11
1861	174781137	14
1861	174780349	14
1863	174778516	8
1864	174778378	12
1866	174778074	14
1867	174778072	7
1867	174778434	7
1870	174777762	14
1870	174780826	14
1872	174781116	12
1872	174780595	12
1880	174778292	7
1881	174780880	11
1881	174780541	11
1883	174777980	13
1885	174777462	14
1886	174780403	8
1886	174781469	8
1888	174778106	14
1888	174780850	14
1890	174777570	7
1890	174777846	7
1892	174777540	10
1893	174781457	9
1893	174780820	9
1897	174778430	8
1898	174780994	12
1898	174781177	12
1899	174781495	13
1899	174780702	13
1900	174780657	12
1900	174780411	12
1901	174781509	8
1901	174781267	8
1903	174777636	8
1904	174781475	10
1904	174780874	10
1907	174778570	12
1907	174777974	12
1908	174777790	14
1910	174781367	14
1910	174780820	14
1912	174777536	9
1913	174777556	12
1914	174777830	11
1915	174778382	13
1915	174777884	13
1916	174781135	14
1916	174780790	14
1920	174777974	10
1921	174777988	10
1921	174781133	10
1922	174780509	11
1922	174781507	11
1923	174778126	9
1923	174778326	9
1924	174777768	8
1924	174777572	8
1925	174778410	7
1925	174777846	7
1926	174778510	13
1928	174781118	14
1928	174781191	14
1929	174777660	13
1932	174778344	10
1932	174777764	10
1933	174777666	13
1933	174781407	13
1934	174777762	13
1934	174781389	13
1935	174778368	9
1936	174778582	10
1937	174777414	14
1939	174778106	9
1939	174780535	9
1940	174780868	7
1940	174780521	7
1941	174778582	12
1942	174780870	8
1946	174780403	14
1946	174780349	14
1947	174777916	11
1948	174780503	9
1948	174781433	9
1949	174780740	9
1949	174780663	9
1950	174777652	8
1952	174777418	8
1952	174780647	8
1954	174777834	9
1954	174777708	9
1957	174780868	12
1957	174780946	12
1959	174778146	9
1960	174778134	11
1960	174781243	11
1962	174781129	11
1962	174781305	11
1963	174777888	12
1963	174781315	12
1965	174780671	11
1965	174780553	11
1966	174778134	13
1966	174780511	13
1967	174780692	11
1967	174780411	11
1968	174778396	12
1968	174777780	12
1969	174777536	8
1970	174778224	8
1970	174781451	8
1971	174778262	7
1972	174777466	14
1973	174778296	10
1973	174781006	10
1976	174777478	12
1976	174777540	12
1978	174781169	8
1978	174781273	8
1979	174781118	11
1979	174780988	11
1980	174780503	8
1980	174780728	8
1981	174780569	11
1981	174780890	11
1983	174778262	13
1984	174777874	10
1984	174781243	10
1985	174780996	12
1986	174780493	8
1986	174781373	8
1988	174777434	9
1989	174777902	11
1992	174777708	10
1993	174777826	12
1993	174778146	12
1994	174778092	12
1995	174777602	7
1995	174777522	7
1997	174777952	11
1997	174780958	11
1998	174777470	11
1999	174778344	12
1999	174778004	12
2000	174777540	13
2002	174780369	13
2002	174781531	13
2007	174777636	11
2008	174778582	12
2012	174778588	9
2013	174778540	83
2014	174780986	10
2014	174781100	10
2015	174781375	12
2015	174781008	12
2016	174780601	8
2016	174781273	8
2017	174777414	10
2020	174780864	12
2020	174780521	12
2021	174780499	12
2021	174780647	12
2022	174778496	12
2022	174781537	12
2024	174777888	11
2024	174780619	11
2027	174778106	8
2030	174778254	12
2032	174777620	8
2032	174781018	8
2034	174777564	11
2034	174780698	11
2035	174777402	9
2035	174780992	9
2037	174777556	11
2038	174778386	10
2039	174777916	10
2041	174781489	13
2041	174781327	13
2042	174777400	13
2042	174781225	13
2044	174778344	9
2044	174777504	9
2045	174780740	12
2045	174780535	12
2046	174778090	9
2047	174778352	10
2049	174777620	13
2049	174781235	13
2050	174777492	8
2053	174777702	11
2053	174780651	11
2054	174777944	9
2055	174778134	10
2055	174781487	10
2056	174777940	8
2057	174777808	14
2058	174778384	9
2059	174777852	14
2062	174778234	8
2062	174780381	8
2063	174778372	10
2063	174780405	10
2064	174780944	13
2064	174781515	13
2065	174777830	9
2066	174778214	10
2067	174777624	11
2068	174781375	9
2068	174781213	9
2069	174777676	9
2069	174781407	9
2072	174778010	11
2073	174777808	14
2075	174780493	13
2075	174780742	13
2076	174777696	14
2080	174780994	14
2080	174780900	14
2082	174781207	7
2082	174781331	7
2083	174777570	9
2083	174777540	9
2085	174778410	8
2085	174777540	8
2088	174781489	9
2088	174780954	9
2089	174778156	10
2091	174777564	10
2091	174780930	10
2092	174778232	7
2094	174778368	11
2096	174777416	8
2096	174778270	8
2097	174781153	12
2097	174781259	12
2098	174781054	12
2098	174780585	12
2099	174777450	8
2099	174778082	8
2102	174777700	13
2102	174777884	13
2103	174778040	12
2104	174778246	10
2105	174780611	14
2105	174781413	14
2106	174778096	8
2106	174781451	8
2107	174777946	7
2108	174778246	7
2109	174781129	11
2109	174780774	11
2111	174778130	12
2112	174777830	11
2115	174781207	13
2115	174780647	13
2116	174781060	14
2119	174778154	13
2119	174780477	13
2123	174780611	8
2123	174780547	8
2124	174778556	9
2124	174781485	9
2130	174778274	10
2130	174780704	10
2131	174778246	12
2133	174778002	13
2134	174781399	7
2134	174781531	7
2137	174778338	11
2139	174778396	8
2139	174777540	8
2141	174778366	12
2142	174780401	12
2142	174780838	12
2143	174778146	12
2144	174778040	12
2148	174780886	9
2148	174781225	9
2149	174778092	11
2150	174777400	12
2150	174780676	12
2151	174781118	13
2151	174781229	13
2154	174781116	11
2154	174781391	11
2155	174780607	8
2155	174781325	8
2157	174777940	14
2158	174781495	7
2159	174777702	8
2159	174781127	8
2161	174778428	10
2161	174777386	10
2162	174778088	14
2162	174781072	14
2163	174777888	10
2163	174781353	10
2164	174777612	8
2164	174781171	8
2165	174778296	7
2165	174780485	7
2166	174778224	11
2166	174780605	11
2167	174777718	13
2168	174777874	14
2168	174781339	14
2171	174780880	7
2171	174781339	7
2172	174778336	10
2173	174777710	11
2173	174777604	11
2174	174780846	14
2174	174780946	14
2175	174777862	8
2176	174781351	7
2176	174781255	7
2177	174777978	14
2177	174781487	14
2179	174778270	7
2180	174777770	10
2183	174777606	14
2184	174777564	8
2184	174781315	8
2185	174777492	9
2188	174777652	13
2189	174781423	9
2189	174780595	9
2193	174778154	12
2195	174780401	12
2195	174780663	12
2197	174778558	13
2197	174780405	13
2198	174781118	14
2198	174781127	14
2199	174777790	13
2200	174777830	14
2201	174778382	10
2201	174777804	10
2202	174778232	14
2204	174781145	10
2204	174781347	10
2205	174778486	9
2206	174781124	9
2206	174781273	9
2208	174777742	10
2208	174781058	10
2209	174781549	13
2209	174780850	13
2210	174778320	10
2210	174777604	10
2214	174780886	12
2214	174781018	12
2217	174781399	13
2217	174780453	13
2218	174781153	8
2218	174781493	8
2219	174781139	13
2219	174781213	13
2222	174777406	14
2223	174777402	10
2223	174780930	10
2224	174780657	8
2224	174780998	8
2225	174777952	13
2225	174781133	13
2226	174777852	9
2227	174780864	11
2227	174781285	11
2228	174777716	14
2229	174777980	8
2231	174778438	8
2231	174778302	8
2235	174780577	14
2235	174780415	14
2236	174778090	11
2240	174778206	9
2240	174777780	9
2242	174778502	10
2242	174777540	10
2243	174778438	11
2243	174777846	11
2244	174778124	10
2245	174777466	7
2248	174777736	10
2249	174777850	14
2249	174778352	14
2250	174780948	14
2250	174781191	14
2252	174777536	10
2253	174781153	13
2253	174780790	13
2255	174778428	13
2255	174777640	13
2256	174777450	7
2256	174778004	7
2258	174780607	12
2258	174780521	12
2259	174780860	8
2259	174781349	8
2260	174781122	13
2260	174781259	13
2261	174777450	13
2261	174778326	13
2262	174780509	14
2262	174781229	14
2263	174777414	7
2264	174781489	8
2264	174780790	8
2266	174778074	12
2268	174777852	14
2271	174777602	14
2271	174777386	14
2272	174777952	13
2273	174781351	9
2273	174781046	9
2277	174780808	9
2277	174781537	9
2279	174777652	10
2281	174780577	12
2281	174780772	12
2282	174781449	13
2282	174781267	13
2284	174778250	12
2284	174780511	12
2285	174777434	12
2288	174780860	10
2288	174780585	10
2291	174781122	11
2291	174780696	11
2294	174780505	10
2294	174781273	10
2296	174781399	8
2296	174781539	8
2297	174777654	10
2297	174781127	10
2299	174777888	13
2299	174780904	13
2301	174777594	7
2304	174778224	9
2304	174781120	9
2305	174778582	10
2306	174778292	12
2308	174778072	9
2308	174777504	9
2309	174781054	10
2309	174780575	10
2313	174780976	12
2313	174781213	12
2315	174778158	12
2316	174780433	13
2316	174781353	13
2318	174778088	8
2318	174781125	8
2319	174777414	8
2320	174780770	11
2322	174778158	11
2323	174781489	13
2323	174780349	13
2328	174777790	10
2330	174778386	10
2330	174777386	10
2331	174780503	14
2331	174780736	14
2333	174777690	14
2333	174777398	14
2334	174778430	8
2337	174780429	10
2337	174781493	10
2338	174780379	11
2338	174781100	11
2340	174780499	13
2340	174781131	13
2341	174778124	8
2342	174781116	11
2342	174780954	11
2343	174777844	7
2343	174781225	7
2345	174777880	12
2345	174781125	12
2346	174781553	12
2346	174780850	12
2350	174777612	8
2350	174780643	8
2352	174780649	10
2352	174780802	10
2356	174780842	8
2356	174781010	8
2358	174778274	8
2358	174780910	8
2362	174781489	14
2362	174780772	14
2363	174777400	11
2363	174780553	11
2364	174780611	7
2364	174780910	7
2365	174778154	14
2365	174780992	14
2368	174781054	13
2368	174780802	13
2372	174778372	8
2372	174780704	8
2373	174778108	10
2373	174778434	10
2374	174778392	12
2374	174780930	12
2375	174780758	11
2377	174777566	11
2377	174781413	11
2378	174777452	12
2379	174781535	11
2379	174780694	11
2383	174778158	14
2384	174777504	8
2385	174777566	7
2385	174781235	7
2386	174781054	10
2386	174781293	10
2389	174777402	14
2389	174780547	14
2396	174777594	13
2398	174780846	7
2398	174780393	7
2399	174777902	8
2400	174781495	13
2400	174781413	13
2402	174777974	8
2403	174781086	13
2403	174781527	13
2406	174777588	13
2409	174780712	9
2409	174780453	9
2411	174777696	12
2411	174781068	12
2412	174781397	14
2412	174780998	14
2415	174778002	7
2416	174777396	14
2416	174781131	14
2417	174777640	11
2418	174777536	7
2419	174780898	8
2419	174780523	8
2420	174778262	13
2422	174780493	14
2422	174780609	14
2424	174780898	8
2424	174781273	8
2426	174777508	14
2426	174781507	14
2427	174778246	7
2428	174780886	13
2428	174780383	13
2430	174780718	13
2430	174780728	13
2431	174781054	11
2431	174780541	11
2432	174777916	8
2434	174781124	13
2434	174780874	13
2435	174778112	11
2435	174777770	11
2436	174781171	14
2438	174777872	14
2438	174781447	14
2439	174780389	12
2439	174780904	12
2440	174778274	12
2440	174781401	12
2442	174777762	14
2442	174780485	14
2443	174781423	14
2443	174781515	14
2445	174777658	9
2445	174777526	9
2447	174780740	14
2447	174781469	14
2448	174780379	14
2448	174780694	14
2451	174780671	12
2451	174780381	12
2454	174777944	14
2455	174780924	14
2455	174781225	14
2459	174778294	12
2460	174778404	11
2461	174778552	12
2463	174780808	14
2463	174781433	14
2464	174777546	9
2464	174780850	9
2466	174780611	13
2466	174781106	13
2467	174781423	10
2467	174781531	10
2469	174777612	11
2469	174780547	11
2470	174777588	12
2471	174780657	14
2471	174781543	14
2472	174777400	12
2472	174780643	12
2473	174781116	12
2473	174780495	12
2474	174780986	13
2474	174781046	13
2475	174780613	8
2475	174780694	8
2478	174778096	13
2478	174781229	13
2479	174780389	9
2479	174780930	9
2480	174781455	12
2481	174778454	11
2481	174777398	11
2483	174781135	9
2483	174781391	9
2484	174778538	12
2486	174778378	11
2488	174778320	13
2488	174777572	13
2490	174781217	7
2490	174781527	7
2491	174780503	11
2491	174781373	11
2493	174777840	11
2494	174777504	14
2496	174781038	10
2496	174781469	10
2504	174780443	14
2504	174780383	14
2506	174780377	14
2506	174781547	14
2508	174781153	9
2508	174781301	9
2510	174780657	13
2510	174780535	13
2511	174780770	13
2511	174781215	13
2513	174777840	7
2514	174777696	13
2514	174781451	13
2516	174777520	13
2517	174778516	9
2518	174778366	10
2520	174778396	8
2520	174778060	8
2522	174781405	10
2522	174781213	10
2523	174777462	10
2524	174778378	11
2525	174778002	12
2526	174777988	10
2526	174781243	10
2530	174778496	12
2530	174780728	12
2532	174777652	9
2533	174780569	109
2535	174780379	13
2535	174780890	13
2537	174777546	8
2537	174780645	8
2538	174778372	14
2538	174781127	14
2539	174777690	13
2539	174777708	13
2542	174778502	8
2542	174778146	8
2545	174777730	11
2546	174777692	9
2549	174780637	9
2549	174780455	9
2552	174778262	10
2556	174780740	14
2556	174780411	14
2558	174781441	9
2558	174780958	9
2562	174777466	11
2563	174778522	13
2564	174781299	9
2564	174781325	9
2565	174778234	9
2565	174780702	9
2567	174778522	10
2569	174777790	13
2572	174780722	14
2572	174780736	14
2574	174778552	10
2575	174778150	8
2576	174780591	14
2576	174781040	14
2577	174781129	13
2577	174781076	13
2583	174777416	7
2583	174777386	7
2586	174777578	10
2587	174780970	10
2590	174778330	9
2591	174780425	11
2591	174780541	11
2592	174777588	10
2593	174781143	9
2593	174781267	9
2594	174778388	7
2594	174777946	7
2595	174781375	11
2595	174781347	11
2596	174777700	11
2596	174777950	11
2597	174780770	14
2597	174780541	14
2598	174778214	7
2599	174778516	14
2601	174777462	11
2602	174777808	7
2604	174780994	8
2604	174780970	8
2605	174777826	12
2605	174777764	12
2607	174777944	9
2608	174777858	13
2609	174777794	12
2610	174777818	12
2616	174781299	10
2616	174780694	10
2617	174777594	8
2618	174780764	9
2618	174781096	9
2620	174778054	10
2623	174780682	12
2623	174780870	12
2624	174781415	11
2624	174781261	11
2627	174777566	11
2627	174780431	11
2628	174777396	7
2628	174780651	7
2629	174777916	14
2630	174777630	12
2630	174778202	12
2631	174778468	14
2631	174781519	14
2632	174777466	13
2636	174780475	14
2636	174780742	14
2642	174780674	11
2642	174781519	11
2643	174778152	11
2643	174778238	11
2644	174780828	9
2644	174780411	9
2645	174781467	10
2645	174781347	10
2647	174780443	13
2647	174781175	13
2648	174781397	12
2648	174780890	12
2649	174780722	8
2649	174780702	8
2652	174777830	10
2654	174781239	12
2654	174781401	12
2660	174781004	11
2660	174780702	11
2661	174778082	11
2663	174780722	13
2663	174780485	13
2664	174777736	10
2666	174781129	9
2666	174781507	9
2668	174781309	11
2668	174780455	11
2669	174778496	14
2669	174780643	14
2671	174777700	10
2671	174777756	10
2673	174777658	11
2673	174778326	11
2676	174780595	13
2679	174780389	10
2679	174780553	10
2682	174778516	7
2683	174778438	12
2683	174777902	12
2684	174780760	41
2685	174778274	7
2685	174780900	7
2686	174778130	14
2689	174777954	11
2689	174778352	11
2690	174777880	12
2690	174780708	12
2692	174780996	8
2692	174780850	8
2693	174777452	10
2694	174777396	12
2694	174780742	12
2695	174777790	8
2696	174778254	12
2697	174777932	13
2697	174780736	13
2698	174777696	13
2698	174780984	13
2699	174781054	8
2699	174780856	8
2700	174778292	14
2701	174777416	9
2701	174777502	9
2702	174778158	11
2704	174780671	12
2704	174780647	12
2706	174781307	7
2706	174781349	7
2708	174778296	9
2708	174780742	9
2709	174777764	14
2710	174780559	11
2710	174780595	11
2713	174778496	10
2713	174780824	10
2714	174778430	12
2715	174781405	10
2715	174780587	10
2716	174778452	13
2716	174777804	13
2717	174780577	11
2717	174781297	11
2718	174780499	10
2718	174780704	10
2719	174781004	9
2719	174781102	9
2721	174780808	14
2721	174780758	14
2725	174780401	10
2725	174781102	10
2727	174777418	7
2727	174781058	7
2728	174780509	8
2728	174781106	8
2729	174781209	11
2729	174781267	11
2730	174778530	10
2730	174780984	10
2731	174781495	14
2731	174781459	14
2732	174777430	12
2733	174781479	14
2733	174780790	14
2734	174781129	8
2734	174780457	8
2735	174778090	8
2736	174777504	11
2737	174777762	11
2737	174780698	11
2738	174781441	12
2738	174780856	12
2741	174780369	12
2741	174780874	12
2743	174780369	9
2743	174781297	9
2747	174780443	8
2747	174781349	8
2753	174781553	11
2753	174780365	11
2756	174780475	12
2756	174781459	12
2757	174780924	8
2757	174781120	8
2758	174780577	13
2758	174781493	13
2759	174777916	14
2762	174778202	9
2763	174777844	12
2763	174780647	12
2764	174778538	11
2765	174781004	12
2765	174780856	12
2766	174778496	14
2766	174781497	14
2767	174777406	9
2769	174780962	7
2769	174781391	7
2771	174780828	14
2771	174780575	14
2774	174778154	9
2774	174780858	9
2775	174777844	9
2775	174781537	9
2777	174781207	9
2777	174781068	9
2778	174777512	9
2778	174780405	9
2779	174781118	13
2779	174781026	13
2780	174780657	14
2780	174781259	14
2781	174777918	14
2781	174777884	14
2782	174777402	13
2782	174780647	13
2783	174777856	12
2783	174780511	12
2784	174780712	11
2784	174781455	11
2786	174777564	12
2786	174781305	12
2788	174777692	12
2791	174781137	9
2791	174781431	9
2792	174780948	12
2792	174780702	12
2793	174778538	12
2794	174778040	9
2796	174777874	9
2796	174780609	9
2797	174781239	13
2797	174780932	13
2799	174781239	12
2799	174781343	12
2801	174781004	8
2801	174780958	8
2803	174778454	14
2803	174777902	14
2804	174780395	12
2804	174781096	12
2807	174777756	9
2808	174777504	12
2809	174777530	13
2810	174777844	12
2810	174781389	12
2811	174777862	7
2812	174777606	8
2814	174777844	8
2814	174780397	8
2817	174781122	10
2817	174781327	10
2818	174778502	7
2818	174778510	7
2819	174777880	9
2819	174781497	9
2822	174780569	14
2822	174780587	14
2823	174777652	7
2824	174780692	13
2824	174780694	13
2825	174780692	11
2825	174780814	11
2826	174778468	9
2826	174780958	9
2830	174778126	14
2830	174778510	14
2833	174778010	10
2834	174777636	10
2836	174780808	12
2836	174781373	12
2837	174778496	14
2837	174781076	14
2840	174780880	12
2840	174780984	12
2842	174781139	10
2842	174780694	10
2843	174781499	72
2844	174780750	11
2844	174781106	11
2845	174777396	10
2845	174781243	10
2846	174777578	11
2848	174780674	12
2848	174780561	12
2849	174777988	14
2849	174781537	14
2850	174778530	11
2850	174780651	11
2853	174778522	7
2857	174780401	10
2857	174780523	10
2862	174777974	10
2864	174778254	12
2865	174777742	14
2865	174781028	14
2868	174780948	12
2868	174781167	12
2870	174778152	8
2870	174778270	8
2871	174777778	14
2872	174781141	14
2872	174780587	14
2873	174778274	8
2873	174780698	8
2874	174777690	12
2874	174777770	12
2875	174778362	12
2875	174777840	12
2876	174780671	10
2876	174780970	10
2878	174777946	7
2880	174777612	8
2880	174781401	8
2881	174780401	8
2881	174780850	8
2882	174778112	14
2882	174778510	14
2884	174778486	7
2885	174778040	7
2886	174777988	12
2886	174780742	12
2887	174781054	7
2887	174781455	7
2889	174781131	13
2890	174778516	10
2891	174778130	14
2892	174777880	10
2892	174781058	10
2893	174777794	13
2894	174777844	11
2894	174781497	11
2899	174780864	10
2899	174780645	10
2900	174781118	12
2900	174780780	12
2901	174777916	13
2902	174778486	8
2904	174778096	10
2904	174781102	10
2905	174780764	11
2905	174780575	11
2909	174777536	11
2911	174777834	14
2911	174777530	14
2913	174777594	9
2915	174777824	14
2915	174781080	14
2916	174781405	14
2916	174780411	14
2918	174777478	9
2918	174777522	9
2919	174777912	13
2921	174778278	10
2921	174777912	10
2924	174781062	11
2924	174781259	11
2927	174777918	11
2927	174777708	11
2928	174777672	9
2928	174777940	9
2929	174777588	12
2930	174780956	9
2930	174781539	9
2931	174777988	13
2931	174781131	13
2932	174777396	12
2932	174780477	12
2933	174777652	10
2935	174777414	12
2936	174780411	11
2937	174781062	14
2937	174780696	14
2938	174778254	12
2939	174780475	7
2939	174781215	7
2940	174777624	13
2941	174777818	9
2944	174781263	56
2945	174778484	14
2945	174778238	14
2951	174777690	11
2951	174778238	11
2954	174780425	8
2954	174781026	8
2956	174778388	14
2956	174778158	14
2959	174780846	12
2959	174781259	12
2961	174777768	13
2961	174777386	13
2962	174777764	11
2967	174778082	10
2973	174781291	14
2973	174780820	14
2974	174781375	13
2974	174780870	13
2975	174780718	13
2975	174781537	13
2979	174781549	10
2979	174780772	10
2982	174781307	10
2982	174781068	10
2984	174777862	10
2985	174777742	8
2985	174780605	8
2986	174778146	13
2990	174778588	9
2992	174777594	14
2993	174781153	13
2993	174780495	13
2994	174781449	9
2994	174780870	9
2996	174777778	13
2997	174777872	8
2997	174781068	8
2998	174777888	14
2998	174781433	14
2999	174777512	14
2999	174781243	14
3000	174778378	13
3002	174777932	8
3002	174780704	8
3003	174781122	11
3003	174781543	11
3004	174778234	8
3004	174780988	8
3006	174777730	12
3011	174778116	12
3011	174781487	12
3012	174777556	12
3017	174781441	8
3017	174781068	8
3020	174780842	13
3020	174781353	13
3021	174778338	9
3022	174781325	10
3023	174778386	13
3023	174777604	13
3025	174777696	14
3025	174780519	14
3026	174781062	13
3026	174781255	13
3027	174780641	13
3027	174780824	13
3028	174780637	14
3028	174780932	14
3032	174777564	8
3032	174780405	8
3033	174777964	68
3034	174780443	8
3034	174780946	8
3035	174777794	8
3036	174778378	13
3037	174777568	14
3039	174777676	11
3039	174780774	11
3040	174777702	8
3040	174781147	8
3042	174778570	14
3042	174777718	14
3045	174781038	10
3045	174780728	10
3046	174778040	8
3047	174777406	10
3048	174781423	7
3048	174780874	7
3049	174777892	14
3049	174780894	14
3050	174780712	9
3050	174780399	9
3051	174777858	14
3053	174781129	13
3053	174781373	13
3054	174777778	12
3055	174777452	11
3057	174777704	13
3059	174778130	14
3062	174778082	11
3066	174777820	10
3066	174777708	10
3070	174777624	13
3072	174777568	8
3076	174780880	8
3076	174781028	8
3077	174777636	11
3078	174781038	10
3078	174781080	10
3080	174777666	13
3080	174781451	13
3084	174778486	8
3086	174780369	12
3086	174780772	12
3087	174778070	12
3087	174781008	12
3088	174780551	73
3089	174778156	11
3094	174780722	13
3094	174780716	13
3097	174778588	13
3098	174778266	14
3098	174780988	14
3102	174778386	10
3102	174778190	10
3103	174778002	11
3106	174781375	13
3106	174781259	13
3108	174777950	8
3109	174777844	10
3109	174781385	10
3110	174777856	12
3110	174780910	12
3114	174777974	11
3115	174780692	12
3115	174781431	12
3116	174780671	11
3116	174780457	11
3117	174781463	10
3117	174780399	10
3118	174777862	12
3121	174777820	11
3121	174778352	11
3122	174778378	11
3124	174778106	9
3124	174780521	9
3125	174777602	13
3125	174778050	13
3126	174781509	8
3126	174780595	8
3127	174780499	12
3127	174781018	12
3130	174777492	8
3131	174777844	8
3131	174781026	8
3135	174781397	12
3135	174780523	12
3136	174781441	9
3136	174781026	9
3138	174777520	12
3141	174777676	13
3141	174780381	13
3144	174780998	11
3145	174777718	12
3147	174777932	14
3147	174780774	14
3151	174777742	10
3151	174780910	10
3153	174777556	12
3155	174780493	11
3155	174781385	11
3157	174777762	7
3157	174781133	7
3159	174777530	11
3161	174781467	7
3161	174781527	7
3162	174781135	10
3162	174781347	10
3163	174780601	10
3163	174780874	10
3167	174778388	9
3167	174778040	9
3168	174780425	8
3168	174780992	8
3170	174777700	14
3170	174777810	14
3174	174778382	11
3174	174777530	11
3179	174777880	12
3179	174780609	12
3181	174781116	12
3181	174780645	12
3182	174777824	11
3182	174781259	11
3184	174778588	9
3187	174777566	8
3187	174781147	8
3189	174781489	8
3189	174780523	8
3190	174777672	14
3190	174777452	14
3191	174777852	11
3192	174780712	12
3192	174781285	12
3193	174778190	9
3195	174778336	10
3196	174780996	10
3196	174780383	10
3197	174781116	10
3197	174781301	10
3200	174778522	10
3203	174777624	9
3205	174778134	9
3205	174781339	9
3208	174780770	9
3208	174780553	9
3213	174777830	11
3214	174778130	12
3215	174778408	9
3215	174778302	9
3216	174780794	9
3216	174781167	9
3218	174777652	13
3219	174777756	12
3220	174778040	14
3221	174778224	13
3221	174780676	13
3222	174777920	8
3224	174781002	7
3224	174780645	7
3225	174778030	10
3225	174778294	10
3226	174778070	9
3226	174780686	9
3227	174781549	12
3227	174781431	12
3230	174777406	12
3231	174778234	9
3231	174780894	9
3232	174780996	14
3232	174780585	14
3234	174777402	9
3234	174781133	9
3235	174777602	9
3235	174777556	9
3236	174780718	8
3236	174780547	8
3237	174777724	9
3237	174778302	9
3240	174778072	10
3240	174778270	10
3241	174780722	8
3241	174781191	8
3242	174780718	10
3242	174781068	10
3243	174778404	13
3244	174778392	12
3244	174780900	12
3245	174777508	14
3245	174780930	14
3246	174780475	13
3246	174780910	13
3247	174777988	11
3247	174781245	11
3248	174777790	13
3253	174778522	14
3254	174777418	10
3254	174780900	10
3256	174778124	7
3257	174777718	9
3258	174777880	11
3258	174780485	11
3259	174780976	9
3259	174780535	9
3263	174777840	10
3264	174777556	9
3265	174777888	13
3265	174780824	13
3266	174777690	10
3266	174777912	10
3267	174778092	12
3269	174777768	7
3269	174778270	7
3270	174778558	8
3270	174780579	8
3271	174777916	10
3274	174778060	10
3279	174781020	11
3279	174781391	11
3283	174780868	9
3283	174780541	9
3285	174777756	14
3286	174778054	14
3287	174778292	12
3288	174777956	13
3289	174780505	11
3289	174781347	11
3290	174777844	11
3290	174781373	11
3291	174778362	10
3291	174778004	10
3292	174780880	7
3292	174781201	7
3294	174778352	8
3295	174778388	7
3295	174777588	7
3296	174778292	8
3297	174781273	11
3298	174778522	12
3299	174780740	7
3299	174780790	7
3301	174780505	10
3301	174780694	10
3304	174777536	9
3306	174777920	7
3307	174777594	11
3311	174778112	9
3311	174777902	9
3315	174777768	8
3315	174778352	8
3318	174781054	10
3318	174781297	10
3320	174778516	8
3321	174778516	10
3322	174781375	7
3322	174781293	7
3323	174778530	8
3323	174781175	8
3324	174778368	9
3326	174781291	13
3326	174781106	13
3327	174778510	9
3328	174777874	9
3328	174780553	9
3329	174780433	12
3329	174780702	12
3330	174777756	9
3331	174777602	7
3331	174778326	7
3333	174778386	11
3333	174777770	11
3335	174778438	12
3335	174778352	12
3336	174780860	7
3336	174780946	7
3338	174777606	13
3339	174777384	14
3339	174777956	14
3341	174781213	14
3342	174778106	12
3342	174781167	12
3344	174778522	12
3347	174777762	12
3347	174780702	12
3351	174777652	13
3352	174780425	8
3352	174781459	8
3356	174778556	14
3356	174781305	14
3357	174777478	9
3357	174777810	9
3359	174781002	9
3359	174780998	9
3360	174778234	11
3360	174781235	11
3363	174777852	12
3365	174781038	11
3365	174781349	11
3368	174778556	14
3368	174780728	14
3369	174777478	10
3369	174777858	10
3372	174780962	14
3372	174781347	14
3376	174777434	13
3379	174781118	13
3379	174781245	13
3381	174780808	12
3381	174781076	12
3382	174777810	13
3383	174777932	11
3383	174780970	11
3384	174778040	8
3385	174780864	11
3385	174780523	11
3387	174777756	13
3388	174780674	7
3388	174781433	7
3390	174780860	10
3390	174781197	10
3392	174778262	7
3393	174777624	11
3396	174777718	11
3397	174778274	14
3397	174781451	14
3398	174780868	8
3398	174781439	8
3399	174780770	12
3399	174781106	12
3401	174778570	13
3401	174778146	13
3402	174781475	12
3402	174780595	12
3403	174780493	11
3403	174781127	11
3404	174777826	8
3404	174777884	8
3406	174777756	10
3407	174777402	13
3408	174780649	11
3408	174780411	11
3410	174778486	13
3411	174777652	8
3412	174780996	14
3412	174780736	14
3413	174778396	8
3413	174778238	8
3414	174778124	11
3415	174780489	62
3416	174777824	8
3416	174780365	8
3417	174781423	10
3417	174781008	10
3419	174780509	10
3419	174780728	10
3420	174778428	14
3420	174777398	14
3421	174778296	13
3421	174781201	13
3423	174780619	8
3424	174781139	11
3424	174780870	11
3427	174778318	12
3427	174781215	12
3430	174780948	14
3430	174781519	14
3431	174778366	8
3432	174777756	12
3433	174778556	13
3433	174780900	13
3437	174777546	8
3437	174781301	8
3439	174777880	7
3439	174781305	7
3440	174778570	8
3440	174778060	8
3442	174777918	10
3442	174777946	10
3443	174777630	10
3443	174777640	10
3444	174781553	14
3444	174781431	14
3445	174777630	11
3445	174777526	11
3446	174778292	9
3447	174777856	11
3447	174780647	11
3450	174777762	12
3450	174781177	12
3451	174781141	7
3451	174780686	7
3452	174777672	9
3452	174777804	9
3453	174778134	8
3453	174780992	8
3456	174777508	9
3456	174780381	9
3457	174780886	9
3457	174781201	9
3459	174777916	11
3460	174777566	14
3460	174780676	14
3461	174777932	12
3461	174781127	12
3466	174780718	14
3466	174780780	14
3467	174781291	10
3467	174780984	10
3468	174777690	12
3468	174777804	12
3470	174781054	11
3470	174781060	11
3473	174780479	37
3476	174781311	9
3476	174780399	9
3477	174781419	65
3480	174777820	14
3480	174778190	14
3482	174777840	10
3483	174778486	11
3484	174777536	10
3485	174777676	7
3485	174781127	7
3486	174778386	8
3486	174777556	8
3487	174780846	12
3487	174780814	12
3489	174777840	7
3491	174777810	8
3495	174780499	11
3495	174781497	11
3496	174777790	14
3497	174778392	13
3497	174781080	13
3498	174778558	10
3498	174781385	10
3499	174780425	9
3499	174781349	9
3501	174778344	10
3501	174777974	10
3502	174778428	11
3502	174778352	11
3503	174777892	10
3503	174780511	10
3504	174780868	9
3504	174780415	9
3505	174780429	14
3505	174780393	14
3506	174780682	10
3506	174780874	10
3507	174777920	8
3508	174778366	7
3510	174777778	12
3511	174781415	8
3511	174780457	8
3512	174778486	8
3513	174780413	9
3513	174780455	9
3516	174778274	12
3516	174780651	12
3517	174780557	11
3517	174780954	11
3518	174778206	11
3518	174777950	11
3520	174777536	12
3521	174778106	9
3521	174780575	9
3522	174780948	8
3522	174780780	8
3523	174778416	11
3523	174778238	11
3525	174777920	13
3526	174777852	10
3527	174781141	61
3528	174781549	12
3528	174781096	12
3529	174781054	10
3529	174780790	10
3532	174777418	11
3532	174781018	11
3533	174780898	8
3533	174781060	8
3534	174777654	11
3534	174781133	11
3536	174777654	10
3536	174780651	10
3537	174781020	10
3537	174780399	10
3538	174780395	11
3538	174781327	11
3539	174778516	12
3540	174780413	12
3540	174780645	12
3542	174777406	8
3543	174777546	14
3543	174780575	14
3544	174780493	14
3544	174781235	14
3545	174778090	13
3546	174778468	14
3547	174778378	14
3548	174778126	12
3548	174778384	12
3549	174780557	9
3549	174781096	9
3552	174780611	13
3552	174781353	13
3553	174780764	9
3553	174781010	9
3554	174777954	14
3554	174778202	14
3555	174777512	9
3555	174781177	9
3556	174781547	8
3557	174777658	7
3557	174778050	7
3562	174781397	12
3562	174781301	12
3563	174777990	13
3563	174781018	13
3565	174780860	14
3565	174781026	14
3566	174780864	10
3566	174781060	10
3568	174780842	11
3568	174781261	11
3569	174777402	12
3569	174780900	12
3570	174780704	10
3571	174778468	13
3571	174780383	13
3572	174780641	14
3572	174781175	14
3573	174777834	14
3573	174777640	14
3577	174780649	10
3577	174780595	10
3578	174780880	13
3578	174780932	13
3579	174778338	14
3581	174781124	11
3581	174781527	11
3583	174777978	14
3583	174781283	14
3585	174781509	9
3585	174781391	9
3587	174777852	8
3590	174777672	8
3592	174778050	11
3593	174777730	11
3594	174781509	12
3594	174781531	12
3596	174778344	13
3596	174777522	13
3597	174780591	10
3597	174780399	10
3600	174778296	12
3600	174780826	12
3601	174777672	14
3601	174777718	14
3604	174781241	11
3605	174777676	11
3605	174780910	11
3607	174780750	7
3607	174781229	7
3613	174780641	11
3613	174780383	11
3614	174780842	10
3614	174780758	10
3617	174778296	14
3617	174781331	14
3618	174777546	13
3618	174780998	13
3622	174777630	13
3624	174781311	14
3624	174781531	14
3625	174777954	11
3625	174777540	11
3626	174777892	9
3626	174780708	9
3629	174777826	11
3629	174777556	11
3631	174777818	11
3632	174780657	7
3632	174781539	7
3633	174777568	9
3636	174780437	11
3636	174781379	11
3638	174780493	9
3638	174780858	9
3639	174781509	9
3639	174781008	9
3641	174780395	12
3641	174781455	12
3645	174777676	13
3645	174780758	13
3646	174777570	11
3646	174778294	11
3647	174777922	7
3647	174778082	7
3648	174781291	8
3648	174781507	8
3649	174780493	14
3649	174781389	14
3650	174781153	14
3650	174780365	14
3651	174780770	12
3651	174781010	12
3655	174780764	8
3655	174781042	8
3657	174778386	9
3657	174777810	9
3658	174780499	12
3658	174780780	12
3660	174777978	8
3660	174781485	8
3661	174777536	9
3664	174780692	8
3664	174781213	8
3665	174777418	8
3665	174781487	8
3666	174780764	13
3666	174781327	13
3667	174781153	8
3667	174780455	8
3669	174778378	11
3670	174777778	10
3671	174780794	14
3671	174781010	14
3674	174780948	14
3674	174781175	14
3675	174777710	8
3675	174778302	8
3676	174778516	12
3677	174778116	13
3677	174781243	13
3678	174778152	12
3678	174778302	12
3679	174778150	12
3680	174781309	9
3680	174780521	9
3683	174778570	14
3683	174777884	14
3684	174777402	14
3684	174781028	14
3685	174781020	12
3685	174781379	12
3688	174778158	8
3689	174778496	10
3689	174780992	10
3690	174780395	14
3690	174780663	14
3693	174781495	10
3693	174781080	10
3701	174778010	13
3702	174777652	12
3703	174777736	10
3708	174778050	8
3711	174777980	14
3712	174778582	11
3714	174778010	14
3716	174780499	13
3716	174781215	13
3718	174777730	11
3719	174777402	13
3719	174781283	13
3721	174778318	13
3721	174780910	13
3722	174781467	12
3722	174780874	12
3724	174780403	8
3724	174780523	8
3726	174781309	9
3726	174780954	9
3728	174778558	12
3728	174780894	12
3730	174778330	14
3731	174777520	9
3732	174777568	13
3733	174777606	10
3735	174778438	8
3735	174777950	8
3737	174780674	13
3737	174780958	13
3741	174778088	9
3741	174781407	9
3742	174780886	8
3742	174781401	8
3743	174781122	9
3743	174780399	9
3745	174777856	10
3745	174780381	10
3749	174777862	10
3751	174780395	14
3752	174780613	9
3752	174781100	9
3753	174778392	12
3753	174781010	12
3756	174778558	10
3756	174780651	10
3759	174777530	11
3760	174777862	13
3762	174780439	10
3762	174781301	10
3765	174778276	13
3765	174778050	13
3767	174780385	90
3768	174781553	13
3768	174781285	13
3769	174778336	11
3770	174778540	12
3770	174778190	12
3771	174780794	11
3771	174781042	11
3775	174780996	9
3775	174781042	9
3779	174777844	8
3779	174780970	8
3780	174780846	10
3780	174781042	10
3781	174778296	8
3781	174780405	8
3782	174780860	9
3782	174781293	9
3783	174778112	9
3783	174778302	9
3784	174781265	13
3784	174781347	13
3787	174780860	10
3787	174781102	10
3788	174780557	11
3788	174781437	11
3790	174780956	9
3790	174781267	9
3792	174778368	11
3794	174777508	10
3794	174781102	10
3797	174780443	14
3797	174781068	14
3798	174778556	11
3798	174781201	11
3800	174780475	10
3800	174780980	10
3802	174781096	11
3803	174778106	7
3803	174780946	7
3804	174780764	11
3804	174780561	11
3815	174781042	14
3817	174778410	8
3817	174778238	8
3821	174777568	11
3824	174778154	12
3824	174780894	12
3825	174777654	8
3825	174780892	8
3827	174780649	8
3827	174781040	8
3828	174780842	9
3828	174780984	9
3829	174777916	10
3831	174777568	14
3834	174778154	12
3834	174780704	12
3837	174780868	8
3837	174781519	8
3838	174777402	14
3838	174780511	14
3842	174778150	14
3846	174780674	10
3846	174780619	10
3847	174777770	11
3848	174781169	13
3848	174781391	13
3849	174777564	12
3849	174781401	12
3851	174777568	10
3854	174777892	10
3854	174781407	10
3856	174781135	14
3856	174781213	14
3857	174781068	8
3858	174780611	13
3858	174781171	13
3860	174777852	9
3862	174778366	13
3864	174780924	12
3864	174780547	12
3865	174777624	11
3866	174777654	13
3866	174780980	13
3868	174777932	9
3868	174781459	9
3869	174780838	13
3870	174778502	13
3870	174778264	13
3872	174780996	14
3872	174781439	14
3874	174777452	13
3876	174778416	13
3876	174778004	13
3879	174778336	13
3882	174780503	11
3882	174780856	11
3883	174780740	8
3883	174780521	8
3884	174781145	9
3884	174780453	9
3886	174778092	14
3889	174780443	11
3889	174780716	11
3891	174781020	11
3891	174781060	11
3892	174780403	10
3892	174780946	10
3893	174780842	10
3893	174780541	10
3897	174778530	14
3897	174781241	14
3898	174778296	9
3898	174781243	9
3899	174780808	11
3899	174780457	11
3900	174778428	12
3900	174777956	12
3901	174778352	14
3904	174777402	12
3904	174780651	12
3906	174777512	9
3906	174781385	9
3907	174778092	11
3908	174781549	9
3908	174781391	9
3911	174777566	8
3911	174780758	8
3912	174777692	11
3915	174777778	8
3918	174777676	7
3918	174781401	7
3920	174777922	14
3920	174777530	14
3924	174780996	8
3924	174780561	8
3925	174777610	7
3926	174778366	7
3929	174777430	10
3930	174777630	12
3930	174777950	12
3933	174778062	14
3933	174777912	14
3934	174780722	10
3934	174781201	10
3936	174781004	7
3936	174781201	7
3939	174778106	8
3939	174781439	8
3940	174778130	8
3941	174778330	9
3942	174780976	9
3942	174780645	9
3944	174780649	10
3944	174780495	10
3946	174777406	9
3947	174778250	14
3947	174780609	14
3949	174778134	11
3949	174781127	11
3952	174778386	10
3952	174778510	10
3954	174777566	7
3954	174780519	7
3956	174781145	8
3956	174781040	8
3958	174781495	10
3958	174780547	10
3960	174778090	12
3962	174777708	9
3966	174781062	12
3966	174781543	12
3968	174778454	11
3968	174777884	11
3970	174778030	9
3970	174778434	9
3973	174780764	11
3973	174781297	11
3975	174780557	14
3975	174781455	14
3976	174780842	12
3976	174780742	12
3977	174781321	13
3977	174780399	13
3978	174778096	8
3978	174781373	8
3982	174777612	13
3982	174780820	13
3987	174781038	8
3987	174780824	8
3990	174781038	7
3990	174781437	7
3992	174781399	8
3992	174781267	8
3995	174777588	8
3997	174777384	8
3997	174777858	8
3998	174780513	53
3999	174777692	12
4000	174781441	10
4000	174781197	10
4001	174777826	10
4001	174778082	10
4003	174777654	9
4003	174781459	9
4005	174777932	9
4005	174781120	9
4007	174781169	11
4007	174780595	11
4008	174778106	8
4008	174780838	8
4010	174781309	10
4010	174780561	10
4011	174781399	10
4011	174781301	10
4012	174777568	13
4014	174781405	9
4014	174781096	9
4015	174780637	10
4015	174781519	10
4019	174777384	14
4019	174777522	14
4024	174777612	10
4024	174780736	10
4026	174778030	11
4026	174777946	11
4027	174778582	8
4028	174781397	7
4028	174780595	7
4032	174777434	9
4036	174778090	8
4037	174780944	13
4037	174780495	13
4039	174777922	14
4039	174777956	14
4040	174781038	12
4040	174781547	12
4048	174777710	12
4048	174777770	12
4050	174780740	10
4051	174777858	10
4052	174780611	8
4052	174781028	8
4056	174781405	7
4056	174781431	7
4059	174778116	8
4059	174780894	8
4063	174781169	12
4063	174780399	12
4064	174778352	10
4065	174780692	14
4065	174781040	14
4066	174778154	9
4066	174780397	9
4067	174781038	8
4067	174780521	8
4068	174778262	7
4070	174777654	9
4070	174780519	9
4071	174777654	14
4071	174780605	14
4072	174780898	14
4072	174780495	14
4074	174778116	12
4074	174780519	12
4075	174777810	8
4076	174781489	10
4076	174781469	10
4077	174778434	11
4078	174778330	9
4079	174778030	10
4079	174777950	10
4081	174778428	9
4081	174777846	9
4082	174781137	9
4082	174780453	9
4084	174777724	12
4084	174777946	12
4085	174778030	12
4085	174778202	12
4087	174777588	10
4089	174777826	7
4089	174777920	7
4090	174777840	11
4092	174778514	8
4092	174781255	8
4093	174777716	11
4094	174778570	7
4094	174777530	7
4097	174777568	13
4098	174780355	44
4100	174780674	14
4100	174780904	14
4102	174777810	10
4103	174778116	8
4103	174781177	8
4105	174780796	61
4107	174778234	13
4107	174781201	13
4108	174777594	10
4111	174781309	10
4111	174780393	10
4112	174780433	9
4112	174781167	9
4114	174777826	11
4114	174778338	11
4118	174780674	8
4118	174781076	8
4119	174777826	11
4119	174777940	11
4122	174777916	8
4125	174777610	10
4131	174781139	13
4131	174780790	13
4132	174781255	8
4136	174777402	13
4136	174781241	13
4137	174777778	14
4139	174781397	7
4139	174781379	7
4140	174778262	9
4145	174781153	11
4145	174781255	11
4146	174778552	9
4148	174781291	10
4148	174780716	10
4149	174777654	11
4149	174780579	11
4152	174780948	13
4152	174780824	13
4153	174777790	10
4154	174778234	11
4154	174781133	11
4160	174780794	10
4160	174780946	10
4161	174778130	9
4162	174781153	11
4162	174780814	11
4164	174778082	10
4165	174778336	8
4166	174781020	8
4166	174781469	8
4168	174778004	7
4169	174777478	12
4169	174777804	12
4170	174780924	12
4170	174780676	12
4171	174781495	13
4171	174781497	13
4172	174781020	7
4172	174780393	7
4175	174778054	14
4176	174778388	13
4176	174777974	13
4178	174780924	9
4178	174781076	9
4179	174777932	7
4179	174781171	7
4180	174781139	12
4180	174781255	12
4181	174778522	14
4183	174781495	13
4183	174780826	13
4184	174778362	13
4184	174777640	13
4186	174778502	11
4186	174777912	11
4188	174781423	8
4188	174781325	8
4191	174777856	9
4191	174780988	9
4192	174778362	14
4192	174777946	14
4193	174777978	14
4193	174780519	14
4195	174778556	13
4195	174781225	13
4196	174778206	10
4196	174778238	10
4197	174777918	8
4197	174778434	8
4199	174778112	11
4199	174778434	11
4204	174777888	10
4204	174780585	10
4205	174780637	8
4205	174781349	8
4208	174781018	10
4209	174780577	9
4209	174781060	9
4210	174781351	14
4210	174780814	14
4213	174777478	14
4213	174778302	14
4214	174777922	13
4214	174777974	13
4217	174777790	14
4219	174778134	9
4219	174780746	9
4222	174781265	13
4222	174781391	13
4223	174777658	14
4224	174780864	14
4224	174780814	14
4225	174781509	9
4225	174781325	9
4227	174780369	8
4227	174781060	8
4230	174777778	12
4233	174781004	11
4233	174780980	11
4236	174778292	8
4237	174781549	9
4237	174781301	9
4238	174777978	8
4238	174781243	8
4240	174780641	9
4240	174780736	9
4242	174781549	14
4242	174780838	14
4245	174778266	9
4245	174781487	9
4246	174781153	13
4246	174781267	13
4247	174781145	8
4247	174781531	8
4249	174781038	14
4249	174780455	14
4250	174777568	11
4253	174780712	11
4253	174780772	11
4258	174777492	7
4259	174777850	13
4259	174777640	13
4261	174781008	8
4262	174780864	9
4262	174781259	9
4263	174777826	13
4263	174777810	13
4264	174777418	8
4264	174780579	8
4270	174780886	14
4270	174780547	14
4271	174780641	13
4271	174781102	13
4273	174781020	14
4273	174780523	14
4274	174781489	11
4274	174781439	11
4275	174777512	14
4275	174780910	14
4277	174780934	108
4281	174780557	10
4281	174780696	10
4284	174777730	11
4294	174778382	11
4294	174778050	11
4295	174777620	7
4295	174780647	7
4296	174777844	10
4296	174781006	10
4299	174777872	14
4299	174780519	14
4301	174778130	12
4303	174778378	11
4306	174780868	12
4306	174781080	12
4307	174778368	10
4308	174778496	13
4308	174781120	13
4309	174781399	8
4309	174781060	8
4310	174777384	14
4310	174778238	14
4313	174777920	10
4314	174777430	12
4319	174781004	8
4319	174781235	8
4320	174777588	10
4323	174781038	10
4323	174781060	10
4325	174781441	7
4325	174781010	7
4328	174777778	7
4329	174777594	14
4331	174778470	11
4331	174778352	11
4332	174780613	11
4332	174781008	11
4334	174778072	10
4334	174777950	10
4341	174780898	12
4341	174780790	12
4342	174777566	10
4342	174780970	10
4345	174778004	12
4349	174777406	12
4350	174780369	10
4350	174780838	10
4352	174778096	14
4352	174780704	14
4361	174778296	12
4361	174781241	12
4365	174777666	13
4365	174781241	13
4366	174781405	10
4366	174780453	10
4367	174780395	7
4367	174781297	7
4371	174778154	13
4371	174781243	13
4372	174778454	12
4372	174777946	12
4373	174777406	11
4375	174778228	10
4377	174777492	12
4378	174777512	14
4378	174781283	14
4382	174780657	9
4382	174780561	9
4385	174780886	13
4385	174780676	13
4386	174781116	10
4386	174780838	10
4391	174778486	8
4395	174780944	10
4395	174780595	10
4396	174777530	11
4397	174778266	14
4397	174781331	14
4398	174780864	14
4398	174781096	14
4399	174777856	10
4399	174780445	10
4404	174778050	13
4408	174778150	10
4409	174780924	9
4409	174781241	9
4413	174778070	14
4413	174780870	14
4414	174777666	14
4414	174780858	14
4416	174777932	8
4416	174780758	8
4420	174781169	13
4420	174780870	13
4422	174778362	11
4422	174778270	11
4423	174781014	12
4423	174780393	12
4424	174777874	14
4424	174780858	14
4426	174780395	9
4426	174780772	9
4427	174781167	11
4428	174777406	13
4429	174778226	8
4429	174778060	8
4434	174777396	9
4434	174780698	9
4436	174777768	10
4436	174777946	10
4438	174777462	8
4439	174778522	14
4440	174778126	9
4440	174777902	9
4442	174781124	13
4442	174780870	13
4444	174780712	9
4444	174780998	9
4445	174777594	11
4447	174781375	10
4447	174780814	10
4449	174781143	10
4449	174780595	10
4450	174781285	12
4452	174777892	10
4452	174781058	10
4453	174780808	13
4453	174780980	13
4454	174778378	11
4456	174781405	8
4457	174778320	13
4457	174777946	13
4459	174777536	14
4462	174777856	7
4462	174781331	7
4463	174778582	11
4466	174781321	14
4467	174777568	14
4468	174778338	12
4469	174778126	8
4469	174778190	8
4472	174778382	14
4472	174777902	14
4474	174778362	12
4474	174777920	12
4477	174777778	9
4479	174778438	11
4479	174777502	11
4480	174780395	12
4480	174781293	12
4483	174781489	9
4483	174781431	9
4486	174777418	10
4486	174780605	10
4487	174777892	7
4487	174780974	7
4488	174777844	11
4488	174780930	11
4490	174780864	12
4490	174780365	12
4492	174778320	12
4493	174780740	10
4493	174781297	10
4494	174780794	7
4494	174781431	7
4498	174780447	9
4498	174780399	9
4501	174778362	10
4501	174778264	10
4502	174778522	11
4503	174777660	8
4504	174780641	9
4506	174778570	10
4506	174777840	10
4507	174777508	14
4507	174780716	14
4508	174780986	11
4508	174781060	11
4509	174781497	9
4510	174777932	7
4510	174780958	7
4512	174781351	12
4512	174781391	12
4514	174780591	8
4514	174780595	8
4516	174777612	14
4516	174780553	14
4520	174777406	11
4521	174781203	76
4523	174777570	13
4524	174778522	10
4526	174780403	14
4526	174780856	14
4527	174777570	8
4527	174778434	8
4528	174777844	14
4528	174781507	14
4531	174777980	12
4532	174777536	8
4533	174777840	13
4534	174777606	13
4537	174780379	11
4537	174780870	11
4539	174780403	8
4539	174780824	8
4540	174781139	9
4540	174780495	9
4541	174781299	9
4541	174781391	9
4544	174781489	14
4544	174780561	14
4547	174781449	11
4547	174781531	11
4554	174777546	14
4554	174780541	14
4555	174777916	9
4556	174780976	9
4556	174780595	9
4557	174781549	10
4557	174780946	10
4559	174777804	13
4561	174778096	8
4561	174781497	8
4562	174780864	10
4562	174780393	10
4564	174777566	14
4564	174780894	14
4565	174778096	11
4565	174781401	11
4568	174778096	12
4568	174781010	12
4570	174778266	9
4570	174780397	9
4571	174780924	9
4571	174781068	9
4573	174777700	8
4573	174777944	8
4577	174777520	12
4581	174778234	10
4581	174780984	10
4583	174777416	8
4583	174778060	8
4586	174781291	9
4586	174781519	9
4588	174777612	13
4589	174780944	8
4589	174781040	8
4590	174780674	14
4590	174781349	14
4591	174781351	10
4591	174780645	10
4594	174780674	11
4594	174780716	11
4596	174778004	10
4600	174778090	12
4601	174777530	11
4602	174781397	11
4602	174780838	11
4603	174777508	10
4603	174781485	10
4605	174777920	14
4608	174778514	12
4608	174781391	12
4611	174778234	13
4611	174781261	13
4612	174777730	14
4613	174777406	9
4614	174778552	9
4615	174781299	9
4615	174780595	9
4616	174777932	10
4616	174780746	10
4618	174778276	9
4618	174777398	9
4619	174778454	10
4619	174778050	10
4620	174777692	14
4621	174780860	13
4621	174781437	13
4623	174780403	14
4623	174781080	14
4627	174778106	11
4627	174781437	11
4631	174781395	51
4633	174777566	10
4633	174780553	10
4634	174781014	10
4634	174780814	10
4635	174777978	13
4635	174781245	13
4642	174781014	13
4642	174780349	13
4643	174777462	9
4646	174780395	7
4646	174780645	7
4651	174777690	7
4651	174778302	7
4653	174778292	13
4658	174777790	7
4659	174777612	7
4659	174780826	7
4661	174777406	12
4662	174780712	13
4662	174780870	13
4666	174781239	9
4666	174780820	9
4668	174777830	8
4669	174778108	11
4669	174777386	11
4672	174777566	10
4672	174780958	10
4674	174780591	14
4674	174781347	14
4675	174780996	13
4675	174781519	13
4678	174778552	11
4679	174777612	9
4679	174780856	9
4680	174780505	11
4680	174780393	11
4683	174777940	8
4684	174777492	12
4686	174777430	10
4688	174777692	11
4693	174777666	13
4693	174781243	13
4694	174777932	9
4694	174780826	9
4696	174780794	10
4696	174781197	10
4697	174777920	9
4699	174778214	12
4700	174780601	9
4700	174781347	9
4703	174777594	9
4704	174780886	10
4704	174781389	10
4705	174781449	9
4709	174777830	13
4710	174777406	13
4711	174778362	14
4711	174778352	14
4713	174780900	11
4716	174778276	13
4716	174777858	13
4718	174777566	12
4718	174781373	12
4719	174777940	9
4720	174780395	11
4720	174781042	11
4724	174777512	13
4724	174781147	13
4725	174777564	9
4725	174780892	9
4726	174781002	7
4726	174780521	7
4727	174777676	11
4727	174780676	11
4728	174778276	12
4728	174778352	12
4731	174780657	7
4731	174780495	7
4733	174781225	13
4735	174777932	14
4735	174781507	14
4737	174777566	8
4737	174781261	8
4743	174780429	10
4743	174780772	10
4744	174781489	10
4744	174780850	10
4745	174777730	7
4749	174781002	10
4749	174780595	10
4750	174780714	12
4750	174780595	12
4751	174777462	8
4752	174781153	8
4752	174780595	8
4753	174780601	10
4753	174781040	10
4754	174777478	10
4754	174778190	10
4756	174778378	12
4757	174780429	14
4757	174780521	14
4758	174781153	11
4758	174781040	11
4759	174777716	12
4760	174780830	53
4764	174780956	13
4764	174780874	13
4765	174778096	9
4765	174781201	9
4766	174778320	7
4766	174778060	7
4768	174780395	8
4768	174780523	8
4769	174781153	11
4770	174780589	11
4771	174777824	12
4771	174781197	12
4774	174778234	13
4774	174781451	13
4776	174778522	10
4778	174778062	10
4779	174777416	12
4779	174778352	12
4780	174778552	12
4781	174780764	13
4781	174781197	13
4782	174777988	9
4782	174781447	9
4784	174777666	8
4784	174780605	8
4785	174781481	148
4786	174780601	9
4787	174781062	12
4787	174781042	12
4790	174778116	9
4790	174780579	9
4792	174780966	77
4793	174777384	11
4795	174781487	11
4796	174780351	56
4797	174777494	81
4801	174777850	10
4801	174777902	10
4806	174778530	11
4806	174781235	11
4807	174781489	13
4807	174780585	13
4810	174780447	66
4812	174781349	8
4813	174780982	80
4814	174778266	8
4814	174781243	8
4818	174777844	10
4818	174780553	10
4819	174781030	47
4821	174781299	11
4821	174781040	11
4822	174780637	14
4822	174780457	14
4824	174777716	11
4826	174781489	14
4826	174781167	14
4828	174778126	14
4829	174778106	9
4829	174780495	9
4831	174777676	8
4831	174780958	8
4832	174777716	11
4833	174778368	11
4834	174777892	8
4834	174781006	8
4835	174780868	11
4835	174780561	11
4839	174778234	14
4839	174780758	14
4841	174778116	13
4841	174780974	13
4842	174781423	10
4842	174780870	10
4844	174777546	14
4844	174780365	14
4845	174777922	10
4845	174777770	10
4847	174780559	165
4848	174777546	8
4848	174781439	8
4850	174777566	13
4850	174781245	13
4852	174781092	55
4854	174777434	11
4856	174781299	11
4857	174777834	10
4857	174778060	10
4858	174777594	10
4859	174778234	9
4859	174781407	9
4860	174778088	13
4860	174781243	13
4862	174780746	7
4867	174778276	14
4869	174781441	14
4869	174781447	14
4870	174780794	12
4870	174780932	12
4874	174781475	13
4874	174781096	13
4875	174781441	9
4875	174781102	9
4876	174781489	12
4876	174780946	12
4879	174781439	9
4881	174781275	57
4883	174777718	8
4885	174778502	13
4885	174778302	13
4886	174781209	10
4886	174780453	10
4887	174781235	13
4889	174778112	11
4889	174777530	11
4893	174780794	10
4893	174781026	10
4894	174780433	11
4894	174781201	11
4895	174777824	14
4895	174780824	14
4896	174777672	8
4896	174778404	8
4900	174777974	8
4901	174778116	10
4901	174780858	10
4905	174777460	13
4905	174778434	13
4906	174780698	14
4908	174780960	57
4909	174777566	12
4909	174781343	12
4910	174777546	9
4910	174781297	9
4912	174781307	13
4912	174780820	13
4913	174778514	13
4913	174780495	13
4915	174781399	9
4916	174778070	8
4916	174781391	8
4917	174781297	10
4919	174777830	12
4921	174780714	7
4921	174780870	7
4922	174777830	9
4924	174780744	92
4926	174778072	9
4926	174778060	9
4928	174781399	11
4928	174781431	11
4929	174780505	13
4929	174780453	13
4930	174777610	10
4931	174777546	11
4931	174781080	11
4934	174780794	9
4934	174781519	9
4935	174777824	13
4935	174780702	13
4936	174777508	9
4936	174781373	9
4937	174778418	53
4938	174780553	12
4944	174781002	14
4944	174781040	14
4946	174777932	11
4946	174780485	11
4948	174780591	11
4948	174780870	11
4949	174778408	14
4953	174777512	13
4953	174780445	13
4955	174780858	12
4956	174780381	8
4957	174781002	12
4957	174780838	12
4958	174777452	9
4963	174780976	8
4963	174780453	8
4964	174780682	14
4964	174780453	14
4965	174778004	12
4968	174777790	11
4970	174778344	14
4970	174777940	14
4972	174778266	14
4972	174780579	14
4974	174781217	8
4974	174780870	8
4975	174778004	14
4976	174777830	10
4977	174781405	11
4977	174780495	11
4978	174781283	8
4979	174778514	7
4979	174781325	7
4981	174778552	12
4985	174781086	67
4987	174781169	11
4987	174780453	11
4989	174777790	11
4991	174777844	14
4991	174781343	14
4994	174777402	9
4994	174780698	9
4997	174777546	7
4997	174780946	7
4998	174777790	7
4999	174777462	7
5000	174780682	11
5000	174781008	11
5007	174777840	7
5010	174777610	8
5012	174778082	8
5014	174777666	8
5014	174780431	8
5016	174780920	82
5018	174777710	10
5018	174778060	10
5019	174777824	8
5019	174781343	8
5020	174777700	9
5020	174777764	9
5021	174780401	11
5023	174777546	8
5023	174781437	8
5024	174781129	14
5024	174781485	14
5025	174780938	71
5028	174777546	14
5028	174781519	14
5029	174781509	13
5029	174780870	13
5030	174780597	118
5032	174778570	12
5033	174777460	58
5034	174777856	10
5034	174781385	10
5035	174777546	12
5035	174781197	12
5036	174781048	85
5041	174780519	12
5042	174781391	10
5043	174778570	8
5043	174778190	8
5044	174780994	13
5044	174781385	13
5045	174777824	12
5045	174781010	12
5048	174781127	14
5049	174780445	9
5051	174777384	13
5051	174777572	13
5052	174777818	13
5054	174777508	8
5054	174780746	8
5058	174778366	7
5059	174777546	9
5059	174781349	9
5063	174780403	9
5063	174781197	9
5067	174778266	13
5067	174780445	13
5068	174777824	12
5068	174780856	12
5069	174777536	11
5070	174781179	70
5072	174778352	9
5077	174777508	8
5077	174781171	8
5080	174778106	9
5080	174780856	9
5083	174780682	142
5084	174777932	14
5084	174780647	14
5085	174781441	8
5085	174781433	8
5090	174780591	12
5090	174781391	12
5092	174777620	10
5092	174780381	10
5093	174778092	9
5095	174781153	12
5095	174781439	12
5096	174778428	10
5097	174778070	9
5097	174781539	9
5098	174781399	14
5098	174781391	14
5099	174777406	9
5100	174777978	14
5100	174781537	14
5101	174777536	7
5102	174778030	9
5103	174777840	11
5108	174778116	12
5108	174781058	12
5109	174778108	13
5109	174778238	13
5115	174781437	7
5116	174777658	10
5116	174778004	10
5117	174781102	12
5118	174780441	90
5120	174777824	12
5120	174780383	12
5122	174778292	13
5125	174781507	8
5126	174777594	10
5128	174778582	12
5129	174777536	7
5131	174781467	13
5131	174780870	13
5132	174777840	12
5133	174778438	14
5134	174777830	8
5135	174781014	14
5135	174781042	14
5136	174781403	36
5137	174781291	10
5137	174781349	10
5138	174781321	9
5138	174781391	9
5140	174777920	9
5141	174781143	10
5142	174781261	11
5143	174780645	14
5144	174777666	10
5144	174781177	10
5148	174777916	14
5150	174778416	73
5151	174781038	14
5151	174780585	14
5155	174777536	9
5156	174777546	14
5156	174780814	14
5158	174777536	14
5159	174781311	13
5160	174777508	8
5160	174780553	8
5162	174778106	14
5162	174781547	14
5165	174777920	10
5168	174777724	13
5170	174777824	13
5170	174781191	13
5171	174781509	10
5174	174777430	13
5175	174778072	14
5175	174778264	14
5178	174781489	8
5178	174780856	8
5179	174781014	11
5179	174780365	11
5181	174777610	8
5182	174778070	13
5183	174778246	10
5185	174781435	40
5188	174778082	13
5189	174780429	9
5189	174781547	9
5190	174777824	12
5190	174780716	12
5191	174781373	13
5192	174777830	10
5193	174777830	11
5195	174780894	14
5198	174781004	14
5198	174781197	14
5204	174777568	10
5205	174780714	87
5206	174778582	11
5207	174778522	10
5208	174777594	7
5209	174780928	51
5211	174777610	13
5212	174780395	12
5212	174780814	12
5214	174777834	9
5217	174781535	112
5219	174778538	10
5220	174780956	12
5220	174780393	12
5224	174781217	126
5225	174781445	55
5228	174778072	7
5228	174777940	7
5229	174777916	13
5231	174780495	14
5232	174777508	11
5232	174781068	11
5234	174778278	12
5235	174781407	9
5239	174777916	8
5240	174780756	73
5241	174778582	8
5243	174780864	13
5243	174781042	13
5245	174777850	13
5245	174778004	13
5247	174777546	8
5247	174781469	8
5248	174777478	10
5250	174781311	9
5250	174781391	9
5251	174777508	10
5251	174781076	10
5252	174780649	14
5254	174777916	13
5255	174781243	10
5256	174780892	8
5257	174780505	11
5257	174781379	11
5258	174780537	89
5260	174780794	13
5260	174781439	13
5261	174778254	10
5262	174781153	10
5262	174780838	10
5264	174780579	13
5265	174781124	14
5267	174777588	13
5268	174777932	9
5268	174781026	9
5272	174777568	14
5273	174781078	74
5277	174780910	14
5279	174777710	12
5280	174780547	14
5281	174777594	14
5282	174781014	7
5283	174780734	85
5286	174777588	12
5287	174780395	7
5287	174781255	7
5288	174781002	11
5291	174780888	101
5292	174780379	154
5293	174778484	12
5295	174781010	8
5296	174781245	13
5297	174780545	71
5303	174778262	12
5305	174778570	14
5305	174778004	14
5311	174780898	10
5311	174781391	10
5313	174777508	11
5313	174780826	11
5314	174780676	13
5315	174777416	14
5318	174780724	67
5319	174777918	13
5320	174777508	12
5320	174781261	12
5321	174777916	9
5322	174781331	9
5325	174777406	10
5326	174777922	10
5326	174777840	10
5328	174781169	13
5334	174777778	12
5339	174781463	132
5343	174780429	9
5345	174777790	12
5346	174780541	14
5347	174780956	10
5348	174781155	49
5349	174781479	12
5351	174778582	13
5353	174780786	114
5354	174781425	49
5359	174781357	69
5363	174780854	81
5365	174780505	9
5367	174781002	14
5367	174780790	14
5368	174778452	14
5369	174777546	13
5369	174780728	13
5370	174780722	9
5370	174781235	9
5371	174777830	9
5372	174778152	13
5372	174778060	13
5373	174780429	11
5373	174780814	11
5375	174777546	10
5376	174781253	58
5377	174780814	11
5379	174780605	7
5381	174780842	13
5381	174781373	13
5382	174778004	10
5383	174781209	174
5384	174781002	12
5384	174781391	12
5386	174777916	8
5387	174777850	14
5388	174780633	126
5390	174781058	13
5392	174777536	13
5393	174778470	61
5396	174778582	11
5400	174778106	12
5400	174780541	12
5401	174780543	57
5403	174780369	14
5403	174780814	14
5404	174781237	58
5405	174781489	12
5405	174781547	12
5407	174781541	83
5411	174781006	9
5412	174780958	12
5413	174777546	13
5413	174780856	13
5414	174781197	10
5417	174777730	13
5419	174777402	9
5419	174781147	9
5420	174781479	9
5420	174780535	9
5423	174777916	10
5424	174778338	11
5425	174777716	9
5428	174777610	13
5429	174781159	44
5431	174781157	59
5432	174780710	63
5435	174781467	8
5436	174781151	77
5438	174778514	8
5439	174781153	12
5439	174781060	12
5447	174780866	82
5448	174778582	8
5450	174777492	8
5451	174780397	11
5453	174780754	55
5454	174780962	11
5456	174781505	59
5457	174777462	8
5460	174780956	13
5460	174780495	13
5461	174780944	12
5463	174778152	10
5464	174778552	10
5465	174777768	14
5466	174780690	70
5467	174777916	9
5469	174781413	13
5472	174777602	13
5473	174781513	75
5474	174780864	11
5475	174778214	11
5478	174780465	72
5481	174777852	10
5483	174780613	12
5485	174781525	60
5486	174781343	8
5487	174778514	8
5487	174780838	8
5490	174781163	64
5491	174780974	11
5492	174781147	10
5493	174780836	91
5498	174778108	13
