2	174773867	7
2	174778110	7
3	174778406	10
4	174777706	11
4	174777942	11
5	174777728	7
5	174778322	7
6	174778458	8
6	174777524	8
7	174777720	11
7	174778328	11
9	174777798	9
12	174774188	9
12	174778494	9
13	174778168	9
13	174777928	9
14	174778348	11
15	174777616	8
15	174777404	8
19	174773358	14
19	174774048	14
20	174778120	9
23	174777828	11
23	174778328	11
25	174773486	14
25	174774072	14
26	174778016	9
27	174778446	13
29	174773442	9
29	174777464	9
30	174778482	7
30	174778024	7
32	174778248	8
32	174778230	8
33	174778166	13
33	174778100	13
34	174773380	11
34	174773432	11
36	174777686	12
37	174773998	11
37	174778576	11
40	174778186	14
41	174777446	8
41	174778554	8
42	174778138	7
43	174777584	13
44	174773554	11
44	174778032	11
46	174777432	9
46	174778272	9
47	174773638	12
47	174778110	12
48	174773755	7
48	174778118	7
49	174773588	14
49	174778354	14
50	174773998	14
51	174778104	7
51	174778550	7
56	174778532	11
56	174777506	11
57	174778466	10
58	174773500	13
58	174778118	13
60	174774056	8
60	174773849	8
61	174778356	9
61	174777942	9
62	174778104	9
62	174777458	9
63	174778572	7
64	174777958	14
65	174777706	9
65	174778308	9
66	174777792	10
66	174777936	10
67	174778138	13
71	174778174	11
71	174778230	11
75	174774372	14
75	174773574	14
79	174777390	8
81	174778464	10
81	174778498	10
86	174778094	10
86	174778334	10
87	174773998	14
89	174773855	10
89	174774120	10
90	174777480	11
90	174777928	11
92	174777772	12
95	174773408	8
95	174773907	8
97	174777428	12
98	174778248	12
98	174777680	12
99	174773867	10
99	174778222	10
101	174778492	12
102	174777584	8
104	174778356	8
104	174778212	8
105	174777906	8
106	174777722	11
106	174777992	11
109	174778446	13
110	174777582	9
112	174777590	13
113	174777506	8
114	174778034	8
114	174778046	8
115	174778192	14
117	174778034	13
117	174778024	13
118	174777754	9
118	174778394	9
120	174778006	8
122	174778138	12
123	174777468	14
123	174777524	14
124	174777694	8
124	174777832	8
125	174777802	9
128	174777390	8
129	174778210	10
130	174777648	10
130	174778212	10
132	174778086	13
133	174777924	14
133	174778066	14
134	174777786	7
134	174778078	7
137	174778412	10
137	174778456	10
139	174777720	7
142	174774248	13
142	174773456	13
143	174777472	10
143	174777404	10
144	174773825	14
144	174777448	14
145	174774022	14
145	174777738	14
148	174778178	9
150	174773917	8
150	174777930	8
152	174777924	9
152	174777680	9
153	174778324	9
156	174778120	14
157	174778196	7
158	174773600	11
158	174778218	11
160	174777482	13
160	174778316	13
161	174778360	8
162	174778546	9
163	174778184	14
163	174778562	14
164	174774058	12
164	174778066	12
167	174773636	12
167	174773432	12
172	174777456	11
172	174778498	11
173	174777662	12
175	174773646	12
175	174774120	12
179	174773592	11
179	174774204	11
183	174777496	13
184	174774014	10
184	174778032	10
185	174773328	8
185	174773340	8
187	174777472	12
187	174777814	12
188	174773809	12
188	174773853	12
189	174777670	13
191	174778482	9
191	174777942	9
193	174777438	9
193	174777814	9
197	174778422	14
197	174778334	14
198	174774022	10
198	174778534	10
200	174777962	12
200	174777942	12
201	174773640	8
201	174777784	8
202	174778180	7
202	174778508	7
203	174778414	12
203	174777714	12
204	174777900	12
204	174778376	12
205	174778132	7
206	174777598	13
208	174774442	7
208	174778456	7
209	174774014	14
209	174778024	14
210	174778068	12
213	174777390	9
214	174777514	9
214	174778164	9
215	174778340	9
215	174777464	9
218	174777674	10
218	174777656	10
221	174773664	10
221	174773889	10
223	174778174	13
223	174778286	13
224	174778542	13
225	174773380	9
225	174774210	9
226	174778058	14
226	174777832	14
232	174774050	12
232	174773574	12
234	174778590	13
235	174773813	14
235	174778444	14
236	174773891	11
236	174773536	11
237	174778000	9
239	174777626	9
241	174778128	8
244	174774056	9
244	174774048	9
245	174777518	12
246	174778488	10
247	174778578	13
247	174777410	13
248	174777758	7
248	174778494	7
249	174777772	8
252	174777468	11
252	174778008	11
253	174778012	8
258	174773636	13
258	174774078	13
262	174777662	14
263	174778504	11
264	174777986	11
264	174778544	11
265	174777958	12
266	174773867	7
266	174777592	7
267	174773486	7
267	174773741	7
268	174777838	9
269	174777924	10
269	174778172	10
274	174778132	8
277	174774376	14
277	174773512	14
278	174773855	11
278	174773320	11
279	174778086	9
280	174778052	8
280	174778508	8
281	174774472	14
281	174778066	14
282	174778104	14
282	174778584	14
284	174773544	14
284	174778024	14
285	174774472	10
285	174777800	10
286	174777998	7
287	174773700	13
287	174778032	13
288	174777670	7
291	174778044	14
291	174777752	14
293	174778034	8
293	174777938	8
294	174778044	12
294	174778280	12
295	174778036	14
295	174778268	14
299	174773821	8
299	174777984	8
300	174773592	10
300	174774256	10
303	174777706	7
303	174778574	7
304	174777548	11
304	174777816	11
305	174774404	8
305	174778170	8
306	174778026	11
307	174778168	14
307	174778568	14
308	174778210	9
309	174778590	8
316	174778248	11
316	174777688	11
317	174778180	10
317	174777682	10
318	174774144	13
318	174774256	13
321	174777972	8
322	174777686	14
323	174777998	7
325	174773975	81
327	174773498	10
327	174777474	10
330	174777596	14
330	174777854	14
332	174778506	14
334	174777664	9
334	174778420	9
336	174778220	11
337	174773909	13
337	174773464	13
340	174778128	10
341	174773733	7
341	174774256	7
343	174777472	14
343	174777496	14
344	174773919	14
344	174778354	14
345	174774188	8
345	174778574	8
347	174778204	10
348	174778460	7
349	174773733	14
351	174777760	14
353	174774472	9
353	174778574	9
354	174777544	14
355	174777476	9
355	174777942	9
356	174774370	13
356	174777688	13
357	174777644	12
358	174773500	8
358	174778574	8
360	174774056	13
360	174773642	13
362	174774266	14
362	174773652	14
364	174777590	10
366	174778448	8
366	174777410	8
367	174777438	13
367	174778084	13
369	174773990	10
370	174778586	12
370	174778304	12
371	174778414	11
371	174777996	11
372	174777982	14
373	174773504	9
373	174773574	9
374	174774484	11
374	174773332	11
375	174777616	12
375	174777600	12
376	174774022	10
376	174778494	10
377	174777694	9
377	174778576	9
378	174773919	10
378	174778490	10
380	174778128	10
381	174777876	12
382	174774248	8
382	174774008	8
383	174773726	56
384	174778310	7
386	174777472	8
386	174778102	8
387	174777798	9
389	174774146	13
389	174777890	13
390	174778076	10
390	174778554	10
391	174778252	11
392	174777446	14
392	174778144	14
393	174773807	11
393	174778534	11
395	174777490	12
395	174777442	12
396	174773885	12
396	174777938	12
398	174777758	11
398	174777788	11
399	174777750	9
401	174778068	9
402	174777648	8
402	174778566	8
403	174774484	8
403	174773967	8
404	174777772	7
405	174774484	8
405	174773779	8
406	174777528	13
407	174777706	10
407	174777506	10
408	174777482	8
409	174778058	8
409	174778498	8
410	174773733	8
410	174773470	8
414	174777934	7
416	174778138	8
418	174778466	11
421	174773346	11
421	174774120	11
423	174777962	9
423	174777822	9
424	174773807	10
424	174778490	10
425	174774294	10
425	174777822	10
426	174777958	8
428	174777548	11
428	174778490	11
429	174778536	14
430	174777994	13
432	174773600	8
432	174778286	8
433	174773680	10
433	174777448	10
434	174777548	14
434	174777766	14
435	174773807	14
435	174778564	14
437	174774022	11
437	174778164	11
439	174778080	14
441	174777584	13
442	174777626	12
450	174777412	13
450	174777698	13
451	174773640	9
451	174777968	9
452	174773789	7
452	174778014	7
453	174777720	14
455	174774412	9
455	174773712	9
458	174774294	11
458	174778524	11
461	174778476	14
462	174773640	10
462	174778216	10
463	174778370	14
464	174773905	14
464	174773849	14
466	174778284	9
466	174777816	9
467	174774376	14
467	174773853	14
470	174777848	9
470	174778474	9
473	174778312	11
474	174777746	11
478	174778138	13
479	174778458	9
479	174778390	9
480	174773596	14
480	174773344	14
481	174773442	9
481	174778564	9
482	174777870	8
483	174778506	9
484	174777648	11
485	174778406	10
486	174777626	11
489	174774412	13
489	174773741	13
490	174773640	13
490	174778222	13
491	174773523	9
491	174773570	9
492	174773544	7
492	174777580	7
493	174774180	10
493	174777510	10
494	174774022	9
494	174778114	9
495	174774442	7
495	174777524	7
496	174773498	11
496	174778380	11
497	174773809	11
497	174773490	11
500	174774288	9
500	174774068	9
501	174778042	13
501	174778142	13
502	174773807	9
502	174778164	9
505	174773592	10
505	174773879	10
508	174774014	14
508	174778164	14
509	174777582	12
512	174773554	9
512	174778526	9
513	174773813	11
513	174778218	11
514	174778194	13
514	174778328	13
515	174773330	8
515	174777784	8
516	174778006	11
517	174773348	9
518	174777972	12
519	174778488	13
520	174778132	8
523	174777648	14
523	174777424	14
524	174773588	12
524	174777592	12
525	174774316	9
525	174773735	9
526	174778006	11
528	174773446	11
528	174778450	11
529	174778340	11
529	174778236	11
532	174778076	12
532	174778236	12
533	174777446	13
533	174777878	13
534	174778006	12
536	174777906	10
538	174778200	10
539	174774184	11
540	174778192	10
544	174773998	12
547	174778504	10
548	174773564	9
548	174774256	9
549	174778016	10
549	174778328	10
551	174777444	10
551	174777614	10
555	174777798	8
556	174774484	9
556	174773877	9
557	174778492	9
559	174778422	14
559	174777878	14
560	174773813	9
560	174777558	9
565	174777688	8
566	174777480	10
566	174778436	10
568	174778590	11
569	174778248	7
569	174778222	7
570	174777998	12
571	174778016	9
572	174778260	9
573	174777644	7
573	174777842	7
575	174774180	10
575	174777926	10
577	174778464	11
578	174777394	9
581	174773789	12
581	174777926	12
582	174774074	8
582	174773779	8
583	174773330	10
583	174778280	10
584	174774122	8
584	174773791	8
586	174773552	14
586	174778474	14
587	174773446	11
587	174777688	11
588	174773336	14
588	174778188	14
591	174774194	13
591	174773488	13
592	174773807	9
592	174778024	9
594	174777650	9
595	174778260	7
596	174778198	12
597	174778460	10
598	174773998	12
598	174778562	12
599	174773586	70
600	174778492	10
601	174778034	12
601	174777688	12
602	174773446	11
602	174777744	11
603	174778360	10
603	174778562	10
604	174777476	7
604	174778066	7
606	174778440	14
606	174778376	14
607	174773998	10
608	174778528	8
608	174777814	8
609	174773807	10
609	174778286	10
610	174777482	8
610	174777832	8
611	174777776	10
616	174777542	10
616	174777500	10
617	174777626	8
618	174773348	8
618	174777688	8
619	174778532	8
619	174777464	8
620	174778284	13
620	174778144	13
621	174774188	14
621	174777510	14
622	174773700	8
622	174777816	8
623	174774056	9
623	174773332	9
624	174777982	9
625	174773805	9
625	174777930	9
627	174777900	12
627	174778402	12
628	174777616	7
628	174778100	7
633	174773821	14
633	174778008	14
634	174774472	10
634	174777586	10
635	174778174	8
635	174777680	8
636	174773783	12
636	174774078	12
637	174777786	12
638	174777444	14
638	174778100	14
639	174773917	11
639	174777800	11
641	174773334	14
641	174778172	14
644	174773552	14
644	174777550	14
645	174777408	9
647	174773638	13
647	174778008	13
650	174774286	8
650	174774108	8
654	174777484	14
655	174774144	11
655	174774184	11
656	174774362	14
657	174778068	7
659	174774380	14
659	174773735	14
660	174774378	14
660	174778008	14
661	174778324	13
662	174774378	8
662	174778064	8
663	174773552	11
663	174778280	11
664	174777598	10
665	174777608	9
666	174774356	13
666	174773364	13
667	174778026	10
667	174777832	10
670	174777792	8
670	174777996	8
671	174777668	7
671	174777788	7
672	174774142	8
672	174777424	8
675	174778242	11
675	174778474	11
676	174777648	8
676	174777788	8
678	174777608	13
679	174778310	8
680	174778578	13
681	174777638	12
681	174777410	12
683	174773610	14
683	174778364	14
684	174774152	8
684	174777788	8
685	174778572	13
686	174778506	9
686	174777632	9
687	174773336	10
687	174778114	10
689	174777870	12
690	174778590	14
691	174774472	8
691	174778390	8
692	174778022	11
694	174777722	10
694	174778584	10
695	174778174	9
695	174777936	9
696	174777958	7
697	174777906	10
698	174773328	11
698	174773967	11
701	174778532	12
701	174778394	12
702	174773446	7
702	174778288	7
703	174773324	12
703	174774120	12
704	174778492	7
708	174778160	9
712	174777476	8
712	174777752	8
714	174777644	12
714	174777832	12
715	174777486	9
715	174778024	9
716	174778016	9
717	174778252	8
718	174778182	13
719	174778016	12
722	174778536	10
724	174774372	7
724	174774156	7
725	174774058	8
725	174777930	8
726	174778034	9
726	174778222	9
728	174777544	12
728	174777914	12
729	174773638	11
729	174777524	11
730	174777468	13
730	174777506	13
732	174778200	12
733	174777722	8
733	174777878	8
734	174773805	13
734	174778462	13
736	174777650	12
737	174778052	8
737	174777574	8
739	174773596	11
739	174773741	11
740	174778052	11
740	174778084	11
741	174777634	12
742	174778476	7
744	174774330	9
744	174778170	9
746	174777444	9
747	174778000	14
748	174778012	12
749	174773807	14
749	174778020	14
751	174773486	9
751	174773674	9
752	174773348	14
752	174778290	14
756	174773500	10
756	174778456	10
758	174774346	14
758	174773791	14
759	174773588	14
759	174777740	14
760	174773424	12
760	174774210	12
761	174777472	8
761	174778550	8
762	174773328	14
762	174773939	14
763	174777626	11
764	174777626	8
764	174778018	8
765	174777628	8
766	174774474	10
766	174778056	10
767	174778414	11
767	174778490	11
768	174778506	14
768	174778568	14
769	174778260	11
770	174778324	7
772	174777760	12
776	174777484	9
777	174774188	13
777	174777926	13
778	174777868	12
779	174774036	8
779	174773474	8
780	174778242	14
780	174777586	14
781	174777828	7
782	174778200	8
784	174773957	14
784	174774108	14
786	174773504	13
786	174773889	13
788	174777934	10
790	174774294	14
790	174777968	14
792	174773704	11
792	174773574	11
793	174778518	14
795	174778210	14
796	174778260	12
797	174778446	12
801	174778016	14
802	174778248	8
802	174777948	8
804	174774224	9
804	174774230	9
805	174774036	11
805	174774076	11
806	174773919	12
806	174777550	12
808	174774462	13
808	174778566	13
809	174774316	11
809	174774230	11
811	174777394	8
812	174777484	12
813	174773891	11
813	174773574	11
815	174777532	9
815	174778456	9
817	174777420	12
817	174777574	12
819	174778160	10
821	174778546	14
822	174778034	11
822	174778240	11
823	174777662	12
824	174778058	13
824	174778350	13
826	174773885	7
826	174778574	7
828	174778052	10
828	174777732	10
829	174773957	11
829	174774210	11
830	174778560	11
831	174777668	8
831	174777592	8
832	174778086	8
836	174777670	14
836	174778316	14
837	174773905	13
837	174773488	13
838	174778260	7
839	174778412	8
839	174778032	8
843	174777776	10
846	174773757	11
846	174773432	11
848	174778260	8
849	174774138	14
849	174774008	14
854	174778406	14
855	174773346	11
855	174773506	11
856	174774288	12
856	174774242	12
860	174777966	11
862	174777726	12
864	174778094	13
864	174778256	13
867	174774330	8
867	174778258	8
870	174777532	8
870	174778286	8
871	174773330	11
871	174777592	11
872	174777472	14
872	174777854	14
873	174777796	9
874	174774222	9
874	174778258	9
876	174778102	11
878	174778586	12
878	174778300	12
879	174778000	11
881	174773855	13
881	174774108	13
882	174777754	11
882	174777860	11
884	174777408	8
885	174777712	9
885	174778478	9
887	174774058	10
887	174778222	10
889	174777908	8
889	174777388	8
890	174773805	12
890	174777734	12
892	174773318	11
892	174773889	11
893	174773733	12
893	174773460	12
895	174777650	14
896	174778506	14
897	174773783	9
897	174773460	9
899	174773640	9
899	174777586	9
900	174778094	8
900	174777388	8
901	174778546	8
901	174777914	8
902	174777598	7
905	174778476	8
906	174778182	12
906	174778562	12
907	174778520	11
908	174778400	9
908	174778100	9
910	174774138	10
910	174774256	10
912	174774314	9
912	174774108	9
913	174774058	11
913	174777448	11
914	174778086	11
917	174777792	14
917	174778500	14
918	174777582	8
919	174777420	9
919	174777832	9
923	174777722	11
923	174778142	11
926	174774152	11
926	174777586	11
927	174774116	14
927	174773893	14
929	174774474	8
929	174777550	8
930	174774014	11
930	174778272	11
932	174778282	8
936	174778058	13
936	174777814	13
937	174778012	14
939	174777882	8
939	174778398	8
940	174777836	10
940	174777498	10
941	174777802	14
942	174773346	12
942	174773574	12
943	174778546	8
943	174778436	8
945	174773813	7
945	174778534	7
947	174778162	9
947	174777464	9
950	174777754	7
950	174778118	7
951	174774050	14
951	174773464	14
952	174777598	9
953	174778182	13
956	174777786	12
957	174778340	14
957	174778216	14
958	174778476	14
959	174777438	8
959	174777698	8
960	174774138	14
960	174773654	14
964	174778464	10
965	174778138	8
966	174774050	11
966	174773835	11
967	174777534	14
969	174777972	9
971	174773700	8
971	174778212	8
972	174777906	10
973	174773630	8
973	174778240	8
976	174778310	14
978	174777394	8
981	174774188	9
981	174777516	9
982	174777486	8
982	174777464	8
983	174778186	8
983	174777442	8
984	174778488	8
985	174777514	13
985	174777424	13
986	174773813	12
986	174777424	12
987	174773564	14
987	174773642	14
988	174777456	7
988	174778576	7
991	174778000	13
991	174778436	13
992	174773330	14
992	174778222	14
993	174778162	9
993	174777592	9
994	174778194	13
994	174777534	13
995	174777484	8
996	174773624	8
996	174773817	8
997	174778298	14
1000	174777648	13
1000	174777592	13
1001	174774116	13
1001	174773340	13
1004	174774324	10
1004	174774340	10
1005	174773606	9
1005	174773694	9
1006	174778000	10
1008	174778360	12
1009	174774248	8
1009	174773574	8
1010	174777848	10
1010	174778208	10
1011	174777798	8
1014	174777528	7
1016	174777644	12
1016	174777910	12
1017	174774056	12
1017	174773470	12
1018	174777438	14
1018	174777896	14
1019	174774228	13
1019	174774452	13
1020	174778446	10
1021	174773821	12
1021	174777600	12
1022	174774294	9
1022	174778544	9
1023	174777786	10
1024	174778210	10
1027	174778358	11
1027	174778350	11
1029	174778260	13
1031	174774022	8
1031	174777740	8
1032	174777542	11
1032	174778456	11
1033	174773664	13
1033	174773741	13
1034	174778282	13
1035	174778464	10
1037	174774404	10
1037	174778272	10
1039	174777706	14
1039	174778032	14
1041	174777584	13
1042	174774152	7
1042	174777926	7
1043	174778162	11
1043	174777948	11
1044	174774000	14
1044	174773873	14
1045	174778298	14
1046	174778242	8
1046	174778566	8
1049	174774152	12
1049	174778564	12
1050	174777638	12
1050	174777928	12
1058	174778128	8
1058	174778142	8
1059	174778168	14
1060	174778120	7
1061	174778464	12
1061	174777632	12
1062	174773346	14
1064	174778518	8
1064	174778498	8
1065	174773642	14
1067	174773336	10
1067	174778526	10
1069	174777528	12
1074	174778492	11
1075	174778358	10
1075	174778316	10
1077	174773336	12
1077	174777448	12
1079	174778198	13
1080	174778174	11
1080	174778364	11
1081	174777480	9
1081	174777914	9
1082	174773328	13
1082	174774416	13
1085	174778194	12
1085	174777878	12
1088	174773318	12
1088	174774210	12
1090	174774472	7
1090	174778456	7
1091	174777798	12
1092	174777548	14
1092	174778144	14
1093	174777806	11
1093	174777614	11
1094	174774124	11
1094	174773320	11
1096	174777998	11
1097	174778348	14
1098	174777552	12
1099	174774372	14
1099	174773979	14
1100	174774122	7
1100	174773939	7
1101	174778448	8
1101	174778376	8
1102	174777486	12
1102	174777942	12
1103	174774000	12
1103	174773988	12
1107	174777986	14
1107	174778478	14
1108	174774312	9
1108	174773779	9
1109	174777482	14
1110	174778220	12
1113	174777722	14
1113	174778256	14
1114	174773700	9
1114	174778564	9
1115	174773606	9
1115	174774108	9
1116	174774188	14
1116	174778566	14
1119	174777446	14
1119	174778580	14
1122	174773442	12
1122	174778390	12
1126	174777532	10
1126	174777938	10
1127	174777456	13
1127	174778584	13
1128	174777848	13
1128	174777800	13
1129	174774138	10
1129	174774068	10
1130	174774330	13
1130	174778444	13
1131	174778248	10
1131	174777898	10
1132	174773552	12
1132	174777898	12
1133	174773486	12
1133	174773988	12
1134	174774412	9
1134	174774078	9
1136	174778348	10
1136	174777914	10
1140	174778174	7
1140	174777474	7
1141	174777746	12
1144	174773917	8
1144	174777744	8
1145	174773596	14
1146	174773588	8
1146	174778046	8
1147	174774294	14
1147	174778064	14
1148	174773358	7
1148	174773396	7
1150	174777472	9
1150	174778314	9
1152	174773751	11
1152	174773642	11
1154	174778590	11
1156	174773777	8
1156	174778164	8
1157	174773588	9
1157	174777642	9
1158	174774322	12
1158	174773988	12
1159	174778542	12
1160	174773765	11
1160	174773779	11
1162	174773480	10
1162	174777766	10
1163	174773783	11
1163	174774184	11
1165	174773486	9
1165	174773907	9
1170	174774312	13
1170	174774210	13
1176	174774058	12
1176	174778056	12
1177	174778034	14
1177	174777524	14
1180	174774022	8
1180	174777942	8
1181	174777726	9
1182	174774146	13
1182	174777854	13
1184	174773334	12
1184	174778098	12
1187	174774116	8
1187	174773392	8
1188	174778512	14
1188	174777832	14
1189	174778532	9
1189	174777800	9
1190	174777552	14
1191	174773855	11
1191	174773735	11
1193	174778184	8
1194	174778422	8
1194	174778580	8
1195	174778140	13
1195	174778136	13
1196	174778340	12
1196	174778020	12
1197	174778058	12
1197	174778256	12
1198	174778442	14
1198	174778256	14
1200	174773380	9
1200	174773536	9
1201	174774228	14
1201	174774008	14
1202	174773346	8
1202	174773889	8
1203	174773360	47
1204	174773680	13
1204	174778218	13
1207	174774116	14
1207	174774468	14
1208	174778542	7
1209	174778298	8
1210	174777626	14
1211	174773805	11
1211	174778354	11
1213	174778242	14
1213	174778286	14
1214	174777634	11
1216	174778012	7
1217	174777390	14
1218	174773552	13
1218	174777996	13
1221	174778192	9
1223	174777582	9
1224	174778198	10
1227	174773919	7
1227	174777948	7
1228	174778482	10
1228	174777464	10
1229	174777782	11
1229	174778374	11
1230	174777528	14
1231	174774152	14
1231	174778258	14
1233	174773957	10
1233	174773712	10
1234	174777518	9
1235	174777590	11
1236	174774288	11
1236	174774340	11
1237	174777776	8
1240	174773334	14
1240	174778020	14
1243	174777670	12
1244	174777706	9
1244	174778048	9
1245	174774386	7
1245	174774008	7
1246	174773849	109
1247	174773630	14
1247	174777550	14
1248	174778548	8
1249	174773554	14
1249	174778170	14
1250	174774228	8
1250	174773400	8
1251	174773664	9
1251	174773706	9
1252	174774372	13
1252	174774340	13
1254	174778252	8
1255	174773885	10
1255	174778354	10
1258	174778140	10
1258	174777854	10
1259	174777528	9
1261	174777480	13
1261	174778322	13
1266	174773789	9
1266	174777646	9
1270	174778532	10
1270	174778286	10
1271	174778182	13
1272	174777490	9
1273	174777446	12
1273	174778236	12
1275	174774472	9
1275	174778500	9
1277	174778166	13
1277	174777878	13
1279	174773640	13
1280	174774056	8
1280	174773542	8
1281	174777532	14
1281	174778028	14
1282	174777986	11
1282	174778208	11
1287	174773789	13
1287	174777684	13
1288	174778310	9
1289	174778466	14
1292	174774266	11
1292	174773320	11
1294	174777726	8
1295	174773755	12
1295	174778364	12
1296	174777628	9
1299	174778282	13
1301	174778184	7
1303	174778036	8
1303	174777970	8
1306	174778546	11
1306	174778426	11
1307	174778034	7
1307	174777926	7
1310	174778358	11
1310	174778374	11
1314	174778034	8
1314	174777788	8
1316	174773588	8
1316	174778574	8
1318	174777748	11
1319	174778572	13
1320	174777776	10
1321	174774294	13
1321	174777784	13
1322	174774152	12
1322	174778286	12
1324	174778026	14
1324	174778328	14
1326	174773733	7
1326	174773873	7
1327	174778042	9
1328	174773554	7
1328	174778308	7
1331	174773807	11
1331	174777506	11
1333	174773630	13
1333	174778164	13
1336	174774330	14
1336	174778056	14
1338	174777608	8
1340	174777728	14
1340	174777832	14
1342	174774000	11
1342	174773773	11
1344	174777394	12
1345	174773498	9
1345	174778354	9
1347	174778012	10
1349	174778310	13
1350	174778194	12
1350	174777632	12
1351	174777986	14
1351	174778280	14
1352	174773390	13
1352	174774230	13
1353	174777476	11
1353	174778280	11
1354	174778356	13
1354	174777774	13
1355	174778162	13
1355	174778494	13
1356	174778528	13
1356	174777682	13
1361	174778546	10
1361	174778550	10
1365	174777776	9
1366	174778174	7
1366	174778394	7
1367	174777998	11
1368	174778518	9
1373	174773805	9
1373	174777936	9
1374	174773534	14
1374	174773889	14
1378	174777528	13
1380	174778076	7
1380	174778346	7
1381	174778184	12
1382	174778244	10
1386	174778370	9
1386	174777632	9
1388	174773919	13
1388	174778258	13
1389	174777906	8
1391	174778520	10
1393	174773624	9
1393	174774120	9
1394	174773498	10
1394	174778164	10
1395	174778446	13
1396	174774222	13
1396	174778288	13
1397	174774000	14
1397	174773779	14
1398	174774376	12
1398	174773741	12
1400	174773757	13
1400	174773460	13
1401	174773783	9
1401	174774230	9
1403	174777812	10
1403	174778478	10
1405	174773805	11
1405	174778420	11
1406	174774036	8
1406	174773536	8
1408	174777596	11
1408	174778136	11
1409	174777838	12
1410	174773680	11
1410	174777968	11
1411	174778244	14
1412	174777480	8
1412	174777632	8
1413	174778120	12
1415	174778360	8
1417	174777868	8
1417	174777732	8
1418	174773544	14
1418	174778420	14
1419	174778284	8
1419	174778216	8
1420	174774462	14
1420	174777688	14
1423	174777806	12
1423	174777600	12
1426	174777518	10
1429	174774188	9
1429	174777800	9
1431	174778400	12
1431	174777436	12
1432	174778546	14
1433	174778412	8
1433	174778290	8
1437	174778536	11
1439	174777976	11
1441	174778174	7
1441	174778268	7
1443	174777748	11
1443	174777914	11
1445	174774040	13
1445	174777744	13
1448	174777532	10
1448	174777474	10
1450	174777544	9
1450	174777534	9
1451	174777528	9
1452	174777908	10
1452	174777614	10
1453	174778034	11
1453	174778534	11
1454	174777664	8
1454	174778280	8
1456	174778242	12
1456	174777426	12
1457	174774248	14
1457	174773967	14
1459	174777870	13
1461	174777544	12
1464	174778182	13
1465	174777584	10
1466	174777776	10
1467	174777882	13
1467	174778212	13
1471	174774014	11
1471	174778110	11
1472	174778168	11
1473	174777786	8
1473	174778018	8
1475	174777598	11
1476	174773777	13
1476	174777426	13
1477	174777994	9
1477	174777910	9
1478	174777518	11
1479	174778458	11
1479	174777816	11
1480	174778178	8
1480	174778084	8
1482	174777994	12
1482	174778550	12
1483	174777664	9
1483	174777500	9
1484	174778196	13
1485	174777706	12
1485	174778064	12
1486	174774314	8
1486	174774204	8
1488	174777772	14
1489	174774142	13
1489	174778290	13
1495	174778210	7
1496	174773809	7
1496	174773706	7
1497	174778572	14
1497	174778562	14
1498	174777422	8
1499	174778586	14
1499	174778350	14
1500	174777628	10
1503	174774442	8
1503	174777474	8
1504	174773600	12
1504	174777968	12
1505	174774194	10
1505	174773440	10
1506	174774330	11
1506	174778288	11
1507	174778298	14
1509	174774180	11
1509	174777744	11
1510	174777994	9
1510	174777534	9
1513	174773396	54
1515	174773755	12
1515	174777498	12
1517	174777828	11
1518	174774018	70
1519	174773610	14
1519	174778176	14
1521	174777648	11
1521	174778544	11
1523	174777976	11
1525	174777590	7
1527	174778182	9
1529	174778168	13
1530	174773777	12
1530	174777774	12
1531	174777584	11
1533	174777870	8
1534	174778132	13
1535	174777976	11
1536	174773446	14
1536	174778164	14
1538	174777456	13
1538	174778374	13
1540	174777958	11
1541	174773630	8
1541	174777930	8
1542	174773346	12
1542	174773988	12
1543	174777664	13
1543	174778176	13
1544	174773805	10
1544	174778164	10
1545	174777706	9
1545	174778164	9
1546	174778560	14
1549	174773638	13
1549	174778290	13
1550	174773328	11
1550	174773694	11
1553	174778512	11
1553	174777458	11
1555	174777792	14
1555	174778268	14
1556	174778324	14
1558	174773324	10
1560	174778174	11
1560	174778066	11
1562	174778414	14
1562	174778110	14
1563	174777608	12
1564	174777882	7
1564	174777766	7
1566	174778200	12
1569	174778358	13
1569	174778508	13
1570	174777482	11
1571	174778252	13
1571	174777632	13
1572	174778012	7
1573	174773610	12
1573	174778064	12
1575	174773751	10
1575	174773574	10
1576	174774370	13
1576	174778028	13
1577	174777796	13
1578	174778578	8
1579	174778166	8
1579	174778550	8
1581	174773700	7
1581	174777898	7
1582	174777796	11
1584	174777772	7
1585	174773664	14
1585	174774308	14
1586	174777420	11
1587	174777432	8
1587	174778402	8
1588	174777422	9
1590	174774194	8
1590	174773873	8
1591	174777598	12
1592	174777882	7
1592	174778102	7
1594	174774122	14
1594	174773853	14
1596	174777934	9
1596	174778584	9
1597	174778182	9
1598	174773534	8
1598	174773779	8
1599	174777528	14
1600	174777792	7
1600	174778272	7
1601	174778360	10
1602	174774372	9
1604	174773592	10
1604	174773506	10
1605	174777712	9
1605	174777738	9
1606	174778310	8
1610	174778506	10
1611	174777806	10
1611	174778334	10
1612	174778194	11
1612	174777910	11
1613	174777598	9
1614	174778166	11
1614	174777388	11
1616	174773700	14
1616	174778258	14
1618	174777412	13
1618	174777442	13
1619	174777924	8
1619	174777936	8
1620	174778356	10
1620	174777738	10
1621	174773554	9
1621	174777968	9
1622	174773751	12
1622	174773460	12
1626	174773610	14
1626	174778272	14
1627	174777392	10
1627	174778508	10
1629	174777616	7
1629	174778048	7
1630	174773957	12
1630	174773490	12
1632	174773998	9
1633	174778476	13
1634	174777720	9
1634	174777914	9
1635	174773596	14
1635	174774068	14
1636	174777608	12
1638	174778340	14
1638	174778272	14
1639	174778068	14
1640	174778244	10
1641	174777532	13
1641	174778188	13
1643	174778476	9
1645	174777468	8
1645	174778544	8
1648	174773358	9
1648	174774308	9
1650	174774378	8
1650	174778102	8
1651	174778406	14
1655	174778518	14
1655	174778300	14
1656	174778012	11
1657	174773330	11
1657	174777642	11
1659	174778210	14
1661	174773442	11
1661	174777426	11
1662	174774146	8
1662	174778208	8
1663	174778370	8
1665	174777868	14
1665	174777454	14
1666	174778348	8
1668	174773330	9
1669	174773867	10
1669	174777996	10
1670	174773825	12
1670	174777488	12
1674	174773554	12
1674	174777516	12
1675	174778128	7
1676	174774412	8
1676	174773432	8
1677	174773480	7
1677	174777890	7
1678	174778466	14
1679	174774188	9
1679	174778290	9
1680	174777412	11
1680	174777454	11
1681	174778094	9
1681	174778478	9
1682	174778548	11
1685	174773330	9
1685	174778188	9
1686	174778542	10
1691	174777848	8
1691	174777500	8
1692	174778000	9
1692	174778568	9
1693	174778520	14
1694	174777392	11
1694	174778568	11
1695	174774224	8
1695	174773506	8
1696	174778488	10
1697	174778076	8
1697	174778102	8
1699	174774346	9
1699	174773883	9
1700	174773700	14
1700	174777550	14
1701	174773500	13
1702	174777582	14
1704	174778448	9
1704	174777614	9
1705	174774222	8
1705	174778354	8
1706	174774248	7
1706	174774108	7
1707	174777616	9
1707	174778102	9
1711	174777608	13
1712	174778128	8
1713	174774032	7
1713	174778080	7
1715	174778252	10
1718	174778184	11
1721	174778016	12
1722	174774116	9
1722	174773983	9
1724	174778252	14
1724	174777436	14
1729	174777634	12
1731	174774276	12
1731	174778450	12
1733	174773358	12
1733	174773542	12
1735	174777760	12
1736	174777966	14
1737	174778076	8
1737	174778122	8
1738	174778192	8
1739	174778000	7
1739	174777732	7
1740	174778548	12
1741	174777472	9
1741	174778478	9
1743	174777686	9
1743	174778436	9
1749	174777598	8
1750	174778536	9
1751	174778000	13
1751	174778018	13
1752	174778260	8
1753	174773777	9
1753	174777646	9
1756	174773630	10
1756	174778490	10
1757	174777392	12
1757	174778300	12
1758	174777674	14
1758	174778064	14
1759	174778248	9
1759	174777734	9
1761	174777634	12
1763	174774124	13
1763	174773474	13
1764	174778200	9
1764	174777928	9
1765	174777438	9
1765	174777388	9
1766	174778012	9
1768	174778058	7
1768	174778584	7
1769	174778504	11
1771	174774276	10
1771	174778500	10
1772	174778120	12
1777	174777438	10
1777	174777890	10
1778	174777422	12
1780	174777538	10
1780	174778288	10
1781	174777634	7
1782	174774404	9
1782	174778122	9
1784	174774442	9
1784	174777996	9
1786	174774132	42
1787	174773630	13
1787	174777738	13
1788	174773807	13
1788	174777938	13
1789	174777712	13
1789	174778144	13
1791	174777584	7
1793	174777552	12
1795	174777532	11
1795	174778432	11
1796	174774266	13
1796	174774422	13
1797	174777924	12
1797	174778524	12
1799	174778192	10
1800	174774222	8
1800	174777714	8
1802	174777422	13
1803	174773789	11
1803	174778046	11
1804	174778036	8
1804	174777498	8
1805	174778198	10
1807	174778466	12
1808	174778244	8
1809	174773805	9
1809	174777550	9
1810	174777490	12
1810	174778316	12
1811	174778016	8
1811	174777910	8
1813	174778542	9
1816	174777900	11
1816	174777622	11
1817	174777664	8
1817	174778566	8
1820	174778572	13
1822	174774286	9
1822	174773879	9
1823	174773646	10
1823	174773574	10
1825	174777924	13
1825	174778390	13
1826	174773917	13
1826	174778354	13
1827	174777408	9
1830	174778504	13
1831	174778506	10
1833	174777882	14
1833	174778574	14
1835	174778542	10
1836	174777438	10
1836	174777534	10
1837	174777760	13
1840	174778252	12
1845	174777836	13
1845	174777426	13
1846	174774378	12
1846	174778048	12
1850	174777548	9
1850	174778066	9
1851	174778370	13
1852	174778184	11
1854	174773554	10
1854	174777558	10
1855	174777628	9
1856	174778198	14
1857	174777490	8
1858	174774276	8
1858	174777930	8
1860	174777444	10
1860	174778480	10
1862	174774180	13
1862	174777642	13
1863	174778360	8
1864	174777746	12
1865	174774404	10
1865	174777680	10
1866	174778178	14
1868	174778184	9
1868	174778078	9
1869	174777798	11
1871	174773334	12
1871	174778494	12
1873	174777432	7
1873	174777784	7
1874	174773885	11
1874	174777684	11
1875	174778026	10
1875	174778498	10
1876	174774058	8
1876	174777948	8
1877	174773905	7
1877	174773694	7
1878	174778210	11
1878	174778576	11
1879	174773757	10
1879	174773817	10
1880	174778196	7
1882	174778348	10
1882	174777410	10
1883	174778200	13
1884	174773408	12
1884	174773835	12
1885	174777760	14
1887	174773324	10
1887	174774422	10
1889	174778458	12
1889	174778380	12
1891	174773998	8
1891	174778084	8
1892	174777576	10
1894	174773813	11
1894	174777474	11
1895	174773588	11
1895	174778114	11
1896	174774142	13
1896	174778286	13
1897	174777786	8
1902	174777886	10
1902	174778208	10
1903	174777798	8
1905	174777616	14
1905	174777814	14
1906	174774228	11
1906	174774422	11
1908	174777746	14
1909	174774276	11
1909	174778288	11
1911	174777412	14
1911	174777732	14
1912	174778310	9
1913	174778488	12
1914	174777776	11
1917	174774124	13
1917	174773536	13
1918	174777644	12
1918	174778508	12
1919	174774346	11
1919	174774068	11
1920	174777582	10
1926	174778324	13
1927	174778104	10
1927	174777698	10
1929	174777966	13
1930	174778094	14
1930	174778346	14
1931	174774194	14
1931	174773722	14
1935	174777598	9
1936	174777750	10
1937	174777798	14
1938	174773358	9
1938	174773835	9
1941	174778506	12
1943	174777868	10
1943	174777622	10
1944	174774442	11
1944	174778020	11
1945	174774372	9
1945	174773817	9
1947	174778310	11
1950	174777552	8
1951	174777962	8
1951	174778490	8
1953	174777538	13
1953	174778490	13
1955	174777792	14
1955	174777680	14
1956	174773646	14
1958	174774356	12
1958	174774240	12
1959	174777746	9
1961	174774036	8
1961	174774156	8
1964	174773442	9
1964	174777800	9
1969	174778182	8
1971	174777776	7
1972	174777628	14
1974	174774346	8
1974	174773817	8
1975	174774404	12
1975	174778024	12
1977	174773442	13
1977	174778216	13
1982	174774404	14
1982	174777936	14
1983	174777518	13
1987	174773324	12
1987	174773382	12
1988	174778192	9
1989	174777802	11
1990	174774014	11
1990	174778566	11
1991	174774314	11
1991	174773512	11
1994	174777490	12
1996	174777882	9
1996	174778230	9
1998	174777966	11
2001	174777420	9
2001	174777814	9
2003	174777848	9
2003	174777866	9
2004	174777882	10
2004	174778216	10
2005	174774288	14
2005	174774048	14
2006	174778028	10
2007	174777634	11
2008	174778348	12
2009	174778412	12
2009	174777938	12
2010	174773751	14
2010	174773536	14
2011	174777412	7
2011	174777842	7
2012	174777584	9
2017	174778348	10
2018	174777468	12
2018	174778212	12
2019	174777750	13
2019	174777632	13
2023	174774454	59
2025	174777882	9
2025	174777784	9
2026	174773330	13
2026	174778494	13
2028	174778180	14
2028	174778480	14
2029	174777616	9
2029	174778136	9
2030	174778542	12
2031	174774442	10
2031	174777938	10
2033	174773330	14
2033	174778032	14
2036	174777812	8
2036	174778394	8
2037	174777390	11
2039	174778506	10
2040	174773646	12
2040	174774108	12
2043	174778162	11
2043	174777942	11
2046	174777746	9
2047	174778476	10
2048	174774188	8
2048	174778176	8
2050	174778184	8
2051	174774142	10
2051	174777586	10
2052	174778036	14
2052	174778394	14
2054	174777876	9
2056	174777662	8
2057	174777786	14
2058	174777976	9
2059	174777838	14
2060	174778400	10
2060	174778142	10
2061	174777432	9
2061	174777474	9
2065	174778572	9
2066	174777798	10
2067	174778022	11
2070	174778194	12
2070	174778080	12
2071	174774058	11
2071	174778494	11
2072	174778578	11
2073	174777626	14
2074	174773807	8
2074	174778574	8
2077	174773783	8
2078	174774058	12
2078	174777646	12
2079	174774230	11
2081	174778356	13
2081	174778148	13
2084	174774142	9
2086	174778026	12
2086	174778078	12
2087	174777638	10
2087	174778568	10
2089	174777876	10
2090	174774290	13
2090	174773694	13
2092	174778128	7
2093	174778370	9
2093	174778316	9
2094	174778120	11
2095	174773552	8
2095	174777586	8
2100	174774442	8
2100	174778118	8
2101	174773624	13
2101	174773456	13
2103	174777798	12
2107	174777958	7
2108	174777934	7
2110	174774462	10
2110	174777618	10
2111	174777608	12
2112	174778168	11
2113	174778458	13
2113	174778114	13
2114	174773554	12
2114	174778290	12
2117	174774442	10
2117	174778024	10
2118	174774056	13
2118	174773464	13
2120	174774356	7
2120	174774502	7
2121	174773408	9
2121	174773845	9
2122	174777468	9
2122	174778444	9
2125	174773320	8
2126	174774294	8
2126	174777936	8
2127	174774426	8
2127	174777614	8
2128	174777468	10
2128	174778574	10
2129	174774386	8
2129	174773853	8
2131	174777776	12
2132	174774040	7
2132	174777642	7
2133	174778504	13
2135	174773588	10
2135	174778280	10
2136	174778440	11
2136	174777732	11
2137	174778192	11
2138	174778248	9
2138	174777586	9
2140	174778312	14
2140	174778018	14
2141	174777994	12
2143	174777590	12
2144	174777976	12
2145	174777904	14
2145	174778300	14
2146	174777514	12
2146	174778394	12
2147	174778400	11
2147	174777682	11
2149	174777670	11
2152	174777882	13
2152	174778490	13
2153	174778340	10
2153	174777822	10
2156	174774474	7
2156	174777684	7
2157	174778192	14
2160	174773809	11
2160	174773396	11
2167	174777802	13
2169	174778284	9
2169	174778148	9
2170	174773885	10
2170	174777516	10
2172	174777876	10
2175	174777966	8
2178	174778252	7
2178	174778018	7
2179	174777802	7
2180	174777390	10
2181	174777748	14
2181	174777458	14
2182	174778166	13
2182	174778080	13
2183	174778560	14
2185	174778542	9
2186	174774370	11
2186	174777948	11
2187	174774472	13
2187	174778148	13
2188	174777662	13
2190	174777598	14
2190	174778142	14
2191	174778440	13
2191	174778084	13
2192	174773652	12
2194	174774376	11
2194	174774452	11
2196	174773592	14
2196	174774078	14
2199	174778000	13
2200	174777876	14
2202	174777408	14
2203	174777444	8
2203	174778314	8
2205	174777584	9
2207	174773500	8
2207	174777968	8
2211	174773600	11
2211	174777734	11
2212	174774222	10
2212	174777784	10
2213	174777904	8
2213	174778436	8
2215	174777648	10
2215	174777948	10
2216	174778076	12
2216	174777864	12
2220	174778440	12
2220	174777560	12
2221	174773554	7
2221	174778014	7
2222	174778178	14
2226	174777966	9
2228	174778260	14
2229	174778504	8
2230	174777908	12
2230	174778342	12
2232	174774286	13
2232	174774178	13
2233	174777792	7
2234	174777432	14
2234	174778306	14
2236	174777828	11
2237	174774222	9
2237	174778170	9
2238	174773610	11
2238	174777996	11
2239	174774370	12
2239	174778176	12
2241	174777754	10
2241	174778474	10
2244	174777976	10
2245	174778120	7
2246	174774356	13
2246	174773652	13
2247	174777848	14
2247	174777752	14
2248	174778492	10
2251	174778546	7
2251	174778018	7
2252	174778476	10
2254	174777616	7
2254	174777574	7
2257	174778248	11
2257	174777942	11
2263	174777994	7
2265	174773408	10
2265	174773320	10
2266	174777638	12
2267	174777668	11
2267	174777752	11
2268	174777670	14
2269	174773843	109
2270	174774472	9
2270	174778110	9
2274	174773498	14
2274	174777558	14
2275	174774376	14
2275	174773432	14
2276	174773905	12
2276	174773761	12
2278	174773813	12
2279	174778572	10
2280	174773777	14
2280	174777424	14
2283	174774014	7
2283	174778288	7
2285	174778572	12
2286	174773446	8
2286	174778432	8
2287	174773789	9
2287	174778028	9
2289	174778532	14
2289	174777740	14
2290	174777596	12
2290	174777656	12
2292	174774364	7
2292	174773320	7
2293	174778058	8
2293	174777878	8
2295	174778284	9
2295	174777800	9
2298	174774190	11
2298	174774230	11
2300	174778340	11
2300	174778110	11
2301	174778542	7
2302	174773664	9
2302	174774078	9
2303	174777468	14
2303	174778364	14
2305	174778504	10
2306	174778324	12
2307	174773867	8
2307	174778118	8
2310	174773805	14
2310	174777684	14
2311	174774032	11
2311	174778472	11
2312	174777664	9
2312	174778020	9
2314	174777456	11
2314	174777458	11
2315	174778012	12
2317	174777544	9
2317	174778562	9
2319	174778310	8
2321	174778162	9
2321	174777788	9
2322	174777976	11
2324	174773664	11
2324	174773332	11
2325	174777828	13
2325	174777442	13
2326	174778360	10
2326	174778316	10
2327	174778094	12
2327	174778554	12
2328	174778128	10
2329	174778390	10
2332	174773867	9
2332	174777586	9
2334	174777394	8
2335	174777668	14
2335	174778170	14
2336	174774040	14
2336	174778176	14
2339	174773606	9
2339	174773320	9
2344	174773855	8
2344	174773741	8
2347	174774022	12
2347	174778212	12
2348	174777924	13
2348	174778534	13
2349	174777446	12
2349	174778208	12
2351	174778532	11
2351	174777942	11
2353	174773998	11
2353	174777928	11
2354	174777412	12
2354	174777992	12
2355	174778162	13
2355	174778444	13
2357	174777616	14
2357	174778498	14
2359	174773480	9
2359	174777574	9
2360	174773486	14
2360	174774068	14
2361	174773638	10
2361	174777714	10
2366	174774224	11
2366	174773889	11
2367	174774142	10
2367	174777866	10
2369	174773700	14
2369	174778230	14
2370	174773606	11
2370	174773506	11
2371	174778058	7
2371	174777632	7
2376	174773552	11
2376	174778380	11
2378	174778196	12
2380	174777432	11
2380	174777936	11
2381	174774138	7
2381	174773907	7
2382	174774000	10
2382	174774204	10
2383	174777760	14
2384	174777582	8
2387	174773596	13
2387	174773464	13
2388	174777712	11
2388	174777864	11
2390	174773763	86
2391	174778076	12
2391	174778580	12
2392	174774160	14
2392	174773889	14
2393	174778042	10
2393	174778498	10
2394	174774122	10
2394	174773849	10
2395	174777596	7
2395	174777842	7
2396	174778068	13
2397	174777392	7
2397	174777574	7
2399	174778560	8
2401	174773630	11
2401	174778280	11
2402	174778520	8
2404	174778440	7
2405	174777746	11
2406	174778310	13
2407	174778412	11
2407	174778216	11
2408	174773600	10
2408	174777646	10
2410	174777686	11
2410	174778300	11
2413	174777982	11
2413	174777442	11
2414	174777962	12
2414	174778280	12
2415	174777828	7
2417	174778220	11
2418	174778260	7
2420	174777746	13
2421	174773957	14
2421	174773642	14
2423	174778058	7
2423	174777914	7
2425	174773821	14
2425	174778230	14
2427	174777998	7
2429	174773442	12
2429	174778024	12
2432	174778476	8
2433	174777394	14
2437	174773700	13
2437	174777424	13
2441	174777758	14
2441	174778308	14
2444	174773500	8
2444	174778032	8
2446	174773358	7
2446	174774502	7
2449	174778174	11
2450	174777934	9
2450	174777496	9
2452	174778284	12
2452	174777426	12
2453	174777694	7
2453	174777914	7
2454	174778196	14
2456	174778180	10
2456	174777404	10
2457	174773592	12
2457	174773779	12
2458	174778358	8
2458	174777832	8
2459	174778520	12
2460	174778488	11
2461	174778252	12
2462	174777882	7
2462	174778118	7
2465	174778230	14
2468	174777962	11
2468	174777474	11
2470	174777598	12
2476	174777712	8
2476	174777500	8
2477	174778312	9
2477	174778374	9
2482	174777542	9
2482	174777784	9
2484	174777726	12
2485	174778578	10
2485	174777442	10
2486	174777796	11
2487	174773636	10
2487	174773320	10
2489	174774386	14
2489	174773332	14
2492	174774022	11
2492	174777800	11
2493	174778132	11
2494	174777976	14
2495	174778440	14
2495	174778136	14
2497	174778194	12
2498	174777754	11
2498	174778554	11
2499	174777412	14
2499	174778498	14
2500	174777758	14
2500	174778240	14
2501	174773646	12
2501	174773883	12
2502	174778052	10
2502	174777832	10
2503	174773777	14
2503	174778046	14
2505	174774180	8
2505	174778098	8
2507	174777962	14
2507	174778272	14
2509	174774288	8
2509	174774108	8
2512	174778358	12
2512	174778568	12
2513	174777608	7
2515	174774442	10
2516	174777634	13
2517	174777686	9
2518	174778252	10
2519	174778370	12
2519	174778426	12
2521	174774386	9
2521	174773488	9
2523	174777582	10
2524	174777634	11
2525	174773998	12
2527	174777538	8
2527	174777996	8
2528	174773510	7
2528	174774120	7
2529	174778194	8
2529	174777458	8
2531	174773704	7
2531	174773712	7
2532	174777876	9
2534	174777408	9
2534	174778426	9
2536	174773334	7
2536	174778212	7
2540	174777962	14
2540	174778114	14
2541	174773588	9
2541	174778420	9
2543	174774058	14
2543	174778098	14
2544	174773600	8
2544	174777930	8
2545	174777628	11
2546	174778360	9
2547	174777538	7
2547	174777740	7
2548	174773498	12
2548	174778364	12
2550	174773442	9
2550	174778500	9
2551	174777812	13
2551	174777970	13
2552	174777786	10
2553	174777678	8
2553	174778564	8
2554	174773700	14
2554	174778216	14
2555	174778358	7
2555	174777890	7
2557	174778140	11
2559	174777848	13
2559	174778020	13
2560	174774142	12
2560	174778288	12
2561	174774142	12
2561	174777936	12
2562	174778128	11
2563	174778006	13
2566	174777812	8
2566	174777822	8
2567	174778542	10
2568	174777444	10
2568	174777984	10
2569	174778578	13
2570	174777722	12
2570	174777388	12
2571	174778414	13
2571	174777592	13
2573	174773552	9
2573	174778114	9
2574	174777484	10
2575	174778196	8
2578	174773510	13
2578	174773835	13
2579	174778162	14
2579	174778268	14
2580	174778512	11
2580	174777992	11
2581	174773380	11
2581	174773474	11
2582	174773480	7
2582	174777560	7
2584	174774364	14
2584	174773506	14
2585	174778000	10
2585	174777496	10
2586	174777634	10
2588	174773765	14
2588	174773474	14
2589	174778094	8
2589	174777984	8
2590	174778186	9
2592	174777650	10
2598	174778006	7
2599	174778120	14
2600	174774056	13
2600	174774054	13
2602	174778578	7
2603	174774248	11
2603	174774422	11
2606	174774290	9
2606	174773490	9
2607	174778488	9
2608	174777428	13
2609	174777584	12
2610	174778022	12
2611	174773380	14
2611	174774204	14
2612	174774290	13
2612	174774178	13
2613	174773777	11
2613	174777866	11
2614	174777468	8
2614	174777996	8
2615	174778044	10
2617	174777976	8
2619	174774014	13
2619	174777474	13
2620	174777650	10
2621	174777886	14
2621	174777562	14
2622	174777480	12
2625	174777542	14
2625	174778102	14
2626	174773917	12
2626	174777440	12
2629	174777906	14
2632	174777518	13
2633	174777420	11
2633	174777410	11
2634	174778474	10
2635	174773905	13
2635	174773979	13
2637	174774474	13
2637	174777968	13
2638	174774036	14
2638	174773879	14
2639	174773885	13
2639	174777592	13
2640	174773640	8
2640	174778258	8
2641	174773809	14
2641	174773761	14
2646	174778244	13
2650	174774180	10
2650	174777488	10
2651	174773600	11
2651	174778308	11
2652	174777796	10
2653	174777486	8
2653	174778236	8
2655	174773638	7
2655	174777424	7
2656	174777674	10
2656	174777580	10
2657	174774412	13
2657	174773456	13
2658	174778312	9
2658	174778316	9
2659	174773891	13
2659	174774184	13
2661	174778590	11
2662	174774122	13
2662	174773440	13
2664	174777838	10
2665	174777796	10
2667	174778044	8
2667	174778272	8
2670	174777678	8
2670	174778008	8
2672	174774298	9
2672	174773988	9
2674	174774484	12
2675	174777514	11
2675	174777550	11
2677	174774426	12
2677	174778478	12
2678	174774290	10
2678	174773877	10
2680	174773783	12
2680	174773506	12
2681	174777908	13
2681	174777896	13
2682	174777870	7
2686	174777650	14
2687	174778178	14
2687	174777442	14
2688	174773442	13
2688	174778240	13
2691	174773867	9
2691	174778544	9
2693	174777726	10
2695	174777408	8
2696	174778578	12
2700	174778548	14
2702	174777894	11
2703	174773853	12
2705	174773480	8
2705	174777600	8
2707	174777444	8
2707	174778334	8
2709	174778548	14
2711	174773508	46
2712	174777962	9
2712	174778290	9
2714	174778006	12
2720	174773891	9
2720	174773654	9
2722	174778140	11
2722	174778346	11
2723	174777668	14
2723	174778500	14
2724	174773498	11
2724	174777684	11
2726	174778022	11
2726	174778018	11
2732	174778298	12
2735	174777796	8
2736	174778006	11
2739	174777514	12
2739	174778524	12
2740	174777924	7
2740	174778402	7
2742	174774290	14
2744	174777472	10
2744	174777560	10
2745	174773318	7
2745	174774076	7
2746	174777728	10
2746	174778376	10
2748	174773757	12
2748	174773332	12
2749	174773640	10
2749	174777684	10
2750	174774386	12
2750	174774178	12
2751	174774404	9
2751	174778534	9
2752	174773442	10
2752	174777738	10
2754	174773990	8
2754	174774156	8
2755	174774426	13
2755	174777896	13
2759	174777772	14
2760	174778358	13
2760	174777656	13
2761	174778312	7
2761	174778436	7
2762	174777958	9
2764	174778520	11
2767	174777838	9
2768	174778180	9
2768	174778080	9
2770	174777786	8
2770	174778436	8
2772	174774462	8
2772	174778114	8
2773	174778284	11
2773	174777738	11
2776	174774356	13
2776	174774282	13
2785	174778094	8
2785	174778314	8
2787	174774420	11
2787	174774120	11
2788	174777934	12
2789	174777812	10
2789	174777816	10
2790	174773566	115
2793	174777802	12
2794	174777484	9
2795	174773855	10
2795	174773506	10
2798	174774290	12
2798	174773542	12
2800	174773330	9
2800	174777688	9
2802	174773610	12
2802	174778474	12
2805	174778114	8
2806	174774000	13
2806	174773506	13
2807	174777998	9
2808	174778548	12
2809	174777576	13
2811	174778006	7
2812	174778298	8
2813	174773500	9
2813	174777516	9
2815	174777836	13
2815	174777404	13
2816	174774370	7
2816	174777642	7
2820	174778532	14
2820	174778258	14
2821	174774032	10
2823	174777582	7
2827	174773358	13
2827	174774178	13
2828	174777586	7
2829	174777542	8
2829	174777774	8
2831	174774152	7
2831	174778280	7
2832	174778204	9
2833	174777894	10
2834	174778168	10
2835	174777392	8
2835	174777814	8
2838	174774426	11
2838	174777992	11
2839	174777900	14
2839	174777970	14
2841	174778058	10
2841	174778078	10
2846	174778204	11
2847	174773588	8
2847	174777618	8
2851	174773574	11
2852	174773939	10
2853	174778138	7
2854	174777438	10
2854	174777842	10
2855	174773755	14
2856	174773909	9
2856	174773879	9
2858	174773610	8
2858	174778500	8
2859	174774364	9
2859	174773817	9
2860	174778058	9
2860	174777562	9
2861	174773638	8
2861	174777866	8
2862	174777528	10
2863	174773755	11
2863	174778554	11
2864	174778260	12
2866	174773408	8
2866	174774256	8
2867	174777786	9
2869	174778578	8
2871	174777760	14
2877	174773680	7
2877	174777744	7
2878	174778460	7
2879	174777670	13
2879	174777928	13
2883	174778518	10
2883	174777910	10
2884	174777422	7
2885	174777608	7
2888	174774146	7
2888	174778048	7
2890	174778178	10
2891	174777428	14
2893	174778518	13
2895	174773905	7
2895	174773873	7
2896	174777758	14
2896	174777996	14
2897	174777782	9
2897	174777632	9
2898	174773891	12
2898	174774068	12
2901	174777876	13
2902	174778022	8
2903	174774294	11
2903	174777800	11
2906	174774050	8
2906	174774078	8
2907	174774442	8
2907	174777500	8
2908	174777904	14
2908	174778376	14
2909	174777490	11
2910	174774386	12
2910	174773594	12
2912	174778160	8
2912	174777814	8
2913	174778548	9
2914	174778592	13
2914	174777574	13
2917	174777538	13
2917	174777558	13
2920	174778104	14
2922	174778448	7
2922	174777560	7
2923	174773680	8
2923	174777714	8
2925	174777720	9
2925	174778436	9
2926	174773891	14
2926	174773434	14
2929	174777972	12
2933	174778184	10
2934	174773809	9
2934	174774072	9
2935	174778252	12
2938	174777772	12
2940	174777408	13
2941	174777748	9
2942	174777486	11
2943	174778282	11
2946	174774022	8
2946	174777426	8
2947	174773500	10
2947	174777816	10
2948	174777908	11
2948	174778038	11
2949	174773917	14
2949	174778098	14
2950	174774014	13
2950	174777816	13
2952	174773606	13
2952	174774120	13
2953	174777486	13
2953	174778020	13
2955	174778528	9
2955	174777622	9
2957	174774160	12
2957	174774452	12
2958	174777420	8
2958	174778084	8
2960	174774146	8
2960	174778398	8
2962	174778520	11
2963	174774370	13
2963	174777618	13
2964	174773446	8
2964	174778098	8
2965	174778140	11
2965	174778436	11
2966	174777712	13
2966	174778208	13
2967	174777552	10
2968	174774290	7
2968	174773652	7
2969	174773624	10
2969	174773883	10
2970	174773680	8
2970	174777938	8
2971	174774462	11
2971	174778288	11
2972	174773610	11
2972	174777734	11
2976	174778140	10
2976	174777698	10
2977	174777728	8
2977	174778576	8
2978	174773704	13
2978	174774340	13
2980	174778592	7
2980	174777580	7
2981	174778044	8
2981	174778216	8
2983	174773733	11
2983	174773490	11
2984	174777906	10
2986	174778324	13
2987	174778076	9
2987	174777404	9
2988	174774160	9
2988	174773773	9
2989	174773783	12
2989	174773779	12
2990	174778204	9
2991	174773336	13
2991	174778444	13
2992	174778504	14
2995	174774462	8
2995	174778390	8
2996	174778252	13
3000	174777490	13
3001	174777560	13
3005	174774032	9
3005	174778304	9
3006	174778260	12
3007	174778512	12
3007	174777534	12
3008	174774346	13
3008	174774076	13
3009	174777758	8
3009	174777524	8
3010	174778284	8
3010	174777864	8
3012	174778460	12
3013	174773789	12
3013	174778534	12
3014	174778180	8
3014	174777498	8
3015	174774036	12
3015	174774048	12
3016	174773765	11
3016	174773712	11
3018	174778398	13
3019	174773885	11
3019	174777936	11
3021	174778560	9
3024	174777758	9
3029	174777886	8
3029	174778136	8
3030	174773885	9
3030	174778110	9
3031	174778348	14
3031	174777910	14
3035	174778128	8
3036	174777484	13
3037	174777750	14
3038	174774122	8
3038	174774336	8
3041	174777900	14
3041	174778334	14
3043	174773757	9
3043	174773779	9
3044	174778440	9
3044	174778080	9
3046	174777998	8
3047	174778536	10
3051	174778204	14
3052	174774474	10
3052	174778014	10
3054	174777484	12
3055	174777390	11
3056	174773336	11
3056	174777688	11
3057	174777966	13
3058	174778592	10
3058	174778038	10
3059	174777634	14
3060	174773380	11
3060	174774078	11
3061	174777986	14
3061	174778554	14
3062	174778542	11
3063	174773544	9
3063	174778394	9
3064	174773905	14
3064	174773741	14
3065	174774058	12
3065	174778028	12
3067	174774036	14
3068	174773498	11
3068	174778500	11
3069	174773442	12
3069	174777516	12
3070	174778252	13
3071	174774484	9
3071	174773456	9
3072	174778282	8
3073	174774266	8
3073	174774008	8
3074	174774146	14
3074	174778394	14
3075	174774032	8
3075	174777890	8
3077	174778138	11
3079	174774138	10
3079	174773364	10
3081	174777668	13
3081	174778420	13
3082	174778140	11
3082	174777560	11
3083	174778210	9
3083	174778322	9
3084	174778448	8
3085	174773358	12
3085	174773761	12
3089	174777590	11
3090	174777678	9
3090	174777752	9
3091	174777482	12
3091	174777496	12
3092	174778512	7
3092	174778100	7
3093	174778532	11
3093	174777996	11
3095	174774404	8
3095	174777500	8
3096	174778052	14
3096	174777890	14
3097	174777838	13
3099	174773909	9
3099	174773853	9
3100	174778162	13
3100	174778390	13
3101	174774490	59
3103	174777982	11
3104	174773777	11
3104	174777740	11
3105	174774298	12
3105	174774256	12
3107	174774190	9
3107	174773712	9
3108	174778460	8
3111	174774370	7
3111	174777474	7
3112	174778512	7
3112	174778562	7
3113	174777904	14
3113	174778018	14
3114	174777590	11
3118	174777422	12
3119	174777720	9
3119	174777410	9
3120	174778162	13
3120	174777524	13
3122	174777628	11
3123	174777438	12
3123	174778480	12
3128	174778422	8
3128	174778136	8
3129	174778528	12
3129	174778480	12
3130	174778200	8
3132	174773498	12
3132	174777592	12
3133	174777670	9
3133	174778568	9
3134	174778340	14
3134	174778268	14
3137	174774276	13
3137	174777926	13
3138	174778298	12
3139	174774180	10
3139	174778380	10
3140	174777962	11
3140	174778564	11
3142	174773624	11
3142	174774210	11
3143	174774266	12
3143	174774184	12
3145	174777484	12
3146	174773544	8
3146	174777752	8
3148	174778360	11
3148	174777914	11
3149	174777668	10
3149	174777740	10
3150	174777426	12
3152	174778356	10
3152	174778230	10
3153	174777428	12
3154	174773851	13
3154	174773735	13
3156	174778442	7
3156	174777854	7
3158	174778252	9
3158	174778550	9
3159	174778520	11
3160	174773446	8
3160	174777618	8
3164	174773544	11
3164	174778144	11
3165	174777686	11
3166	174778412	10
3166	174778390	10
3169	174774160	10
3169	174773706	10
3171	174778044	13
3171	174777866	13
3172	174774484	14
3172	174773320	14
3173	174778532	10
3173	174778056	10
3175	174773640	12
3175	174778500	12
3176	174777486	11
3176	174778394	11
3177	174778094	7
3177	174778038	7
3178	174773358	9
3178	174774272	9
3180	174777748	9
3180	174778562	9
3183	174774426	14
3183	174778080	14
3184	174777582	9
3185	174773867	14
3185	174777714	14
3186	174777908	13
3186	174778080	13
3188	174774286	12
3188	174773873	12
3191	174777776	11
3193	174777576	9
3194	174777408	12
3194	174777632	12
3195	174778488	10
3198	174774194	11
3198	174773422	11
3199	174778356	14
3199	174777766	14
3200	174778128	10
3201	174777542	10
3202	174777986	8
3202	174778456	8
3203	174777934	9
3204	174774378	8
3204	174777580	8
3206	174774288	10
3206	174773735	10
3207	174777486	9
3207	174777766	9
3209	174778512	8
3209	174777496	8
3210	174774194	8
3210	174774176	8
3211	174778094	7
3211	174778100	7
3212	174774248	9
3212	174774242	9
3213	174777894	11
3214	174777484	12
3217	174777538	7
3217	174778268	7
3218	174777598	13
3219	174778520	12
3220	174778138	14
3222	174778006	8
3223	174778536	10
3228	174774484	9
3228	174773835	9
3229	174778546	7
3229	174778142	7
3230	174777686	12
3233	174773867	12
3233	174777822	12
3238	174774056	9
3238	174773392	9
3239	174773998	7
3239	174778426	7
3243	174777584	13
3248	174777628	13
3249	174778160	8
3249	174777410	8
3250	174773500	7
3250	174777464	7
3251	174777422	14
3251	174777910	14
3252	174778442	13
3252	174778322	13
3253	174778204	14
3255	174777486	13
3255	174777864	13
3256	174777876	7
3257	174778520	9
3260	174778374	12
3261	174778464	9
3261	174777436	9
3262	174774332	65
3263	174777598	10
3264	174777876	9
3267	174777776	12
3268	174777848	10
3268	174777864	10
3271	174777634	10
3272	174773636	12
3272	174773835	12
3273	174773610	11
3273	174778114	11
3274	174778244	10
3275	174777514	12
3275	174778544	12
3276	174773867	11
3276	174778474	11
3277	174778076	8
3277	174778048	8
3278	174777438	13
3278	174777854	13
3280	174773544	10
3280	174778398	10
3281	174774180	12
3281	174777688	12
3282	174774334	13
3282	174773474	13
3284	174773988	14
3285	174778560	14
3286	174778578	14
3287	174777408	12
3288	174777972	13
3293	174773789	11
3293	174777550	11
3294	174778132	8
3296	174777870	8
3298	174778370	12
3300	174773909	12
3300	174773654	12
3302	174773318	7
3302	174773879	7
3303	174773813	8
3303	174778046	8
3304	174777634	9
3305	174777596	8
3305	174777614	8
3306	174777870	7
3307	174778168	11
3308	174773885	10
3308	174777714	10
3309	174773990	13
3309	174773460	13
3310	174777728	14
3310	174778498	14
3312	174777648	10
3312	174777860	10
3313	174777668	12
3313	174777774	12
3314	174778186	12
3314	174778300	12
3316	174777674	8
3316	174778236	8
3317	174773917	8
3317	174777684	8
3319	174773867	11
3319	174778056	11
3320	174778506	8
3321	174778042	10
3324	174778560	9
3325	174778342	11
3327	174777552	9
3330	174777746	9
3332	174774370	11
3332	174778432	11
3334	174773885	11
3334	174778420	11
3337	174777444	13
3337	174777404	13
3338	174778504	13
3340	174774122	11
3340	174773877	11
3343	174778528	11
3343	174777984	11
3344	174777828	12
3345	174773486	14
3345	174773849	14
3346	174774000	12
3346	174773735	12
3348	174778370	10
3348	174778568	10
3349	174773680	14
3349	174778290	14
3350	174778104	9
3350	174778480	9
3351	174778196	13
3353	174773917	14
3353	174778028	14
3354	174777712	13
3354	174777996	13
3355	174777486	14
3355	174777622	14
3358	174774138	13
3358	174773988	13
3361	174777542	8
3361	174778110	8
3362	174774290	13
3362	174773735	13
3363	174777772	12
3364	174773905	9
3364	174773773	9
3366	174773813	12
3366	174777936	12
3367	174773777	8
3367	174777440	8
3370	174777782	12
3370	174777458	12
3371	174778104	8
3371	174777984	8
3373	174777444	12
3373	174778350	12
3374	174773821	11
3374	174778314	11
3375	174774380	55
3376	174778022	13
3377	174778356	8
3377	174778118	8
3378	174773909	7
3378	174774184	7
3380	174773891	13
3380	174773773	13
3382	174777528	13
3384	174777746	8
3386	174774188	8
3386	174778046	8
3387	174777972	13
3389	174777758	8
3389	174777516	8
3391	174773998	11
3391	174778018	11
3392	174777998	7
3393	174777544	11
3394	174773757	7
3394	174773877	7
3395	174778104	14
3395	174778300	14
3396	174778298	11
3400	174777868	8
3400	174778554	8
3405	174773336	7
3405	174778218	7
3406	174777876	10
3409	174773606	10
3409	174773785	10
3410	174777934	13
3411	174778022	8
3414	174778220	11
3418	174777408	13
3418	174778316	13
3422	174778350	12
3425	174777678	13
3425	174778216	13
3426	174774194	7
3426	174773967	7
3428	174773855	9
3428	174774076	9
3429	174778348	11
3429	174777928	11
3431	174777420	8
3432	174777958	12
3434	174777596	9
3434	174777622	9
3435	174778340	12
3436	174774484	13
3436	174773817	13
3438	174773783	9
3438	174773474	9
3441	174774378	11
3441	174778212	11
3446	174777390	9
3448	174773664	10
3448	174774108	10
3449	174778358	14
3449	174778304	14
3454	174773500	13
3454	174778268	13
3455	174773510	8
3455	174773320	8
3458	174777986	11
3458	174777738	11
3459	174778260	11
3462	174773783	7
3462	174773735	7
3463	174773442	9
3463	174777774	9
3464	174777754	8
3464	174777738	8
3465	174773891	14
3465	174774204	14
3469	174778512	11
3469	174778142	11
3471	174774404	12
3471	174778258	12
3472	174773905	14
3472	174774282	14
3474	174773480	8
3474	174778304	8
3475	174777812	8
3475	174778456	8
3478	174774496	119
3479	174777532	8
3479	174778494	8
3481	174773400	57
3482	174778086	10
3483	174778536	11
3484	174777966	10
3488	174778458	10
3488	174778574	10
3489	174777998	7
3490	174773544	11
3490	174777860	11
3491	174777976	8
3492	174773480	11
3492	174778314	11
3493	174777886	11
3493	174777832	11
3494	174773967	7
3496	174777544	14
3500	174773544	7
3500	174778122	7
3507	174777608	8
3508	174778348	7
3509	174777754	13
3509	174778122	13
3510	174777634	12
3514	174774370	10
3514	174778290	10
3515	174773588	11
3515	174777524	11
3519	174774474	10
3519	174777714	10
3520	174777428	12
3524	174773442	9
3525	174777894	13
3526	174778282	10
3530	174777836	11
3530	174778334	11
3531	174773408	14
3531	174773464	14
3535	174778144	10
3539	174778186	12
3541	174774314	13
3541	174773706	13
3542	174778298	8
3545	174778572	13
3547	174778520	14
3550	174777728	8
3550	174777814	8
3551	174774074	11
3551	174773506	11
3558	174774188	14
3558	174778280	14
3559	174777782	14
3559	174778038	14
3560	174777476	9
3560	174777822	9
3561	174773917	12
3561	174778188	12
3564	174777986	11
3564	174778102	11
3567	174773821	11
3567	174778048	11
3574	174773334	12
3574	174777684	12
3575	174777734	8
3576	174777904	12
3576	174778346	12
3579	174777894	14
3580	174773408	14
3580	174774078	14
3582	174777868	9
3582	174778122	9
3584	174777908	11
3584	174778478	11
3586	174777544	12
3586	174778436	12
3587	174777598	8
3588	174777758	8
3588	174777784	8
3589	174778052	11
3589	174778256	11
3591	174777446	9
3591	174777864	9
3592	174778086	11
3593	174778022	11
3595	174777812	14
3595	174777860	14
3598	174774032	11
3598	174778100	11
3599	174773851	14
3599	174773845	14
3602	174773867	9
3602	174777948	9
3603	174773624	10
3603	174773712	10
3606	174777712	8
3606	174777774	8
3608	174778052	12
3608	174777560	12
3609	174774008	14
3610	174777904	12
3610	174777534	12
3611	174773523	9
3611	174773392	9
3612	174773809	9
3612	174774068	9
3615	174778284	13
3615	174778564	13
3616	174774364	11
3616	174773490	11
3619	174774032	8
3619	174778584	8
3620	174777542	7
3620	174778420	7
3621	174777754	10
3621	174777864	10
3623	174777962	14
3623	174777866	14
3627	174778252	10
3627	174778576	10
3628	174774040	10
3628	174777930	10
3630	174773324	12
3630	174773694	12
3631	174777422	11
3633	174777720	9
3634	174774122	9
3634	174774282	9
3635	174773777	11
3635	174778148	11
3637	174774288	10
3637	174773474	10
3640	174774412	11
3640	174773490	11
3642	174773630	13
3642	174778432	13
3643	174773334	7
3643	174777740	7
3644	174773330	8
3644	174778306	8
3652	174778592	13
3652	174777732	13
3653	174773570	53
3654	174778312	9
3654	174778562	9
3656	174773739	46
3659	174774122	10
3659	174773907	10
3661	174777582	9
3662	174773751	12
3662	174773456	12
3663	174777812	11
3663	174778122	11
3668	174777446	14
3668	174778480	14
3669	174777608	11
3670	174778298	10
3672	174777648	12
3672	174778114	12
3673	174774248	12
3673	174773490	12
3676	174778022	12
3679	174778406	12
3681	174778448	9
3681	174777436	9
3682	174778412	14
3682	174778268	14
3686	174778482	14
3686	174778144	14
3687	174774276	7
3687	174777440	7
3688	174777590	8
3691	174774050	10
3691	174773456	10
3692	174774144	13
3692	174773735	13
3694	174778448	10
3694	174778084	10
3695	174773324	14
3695	174773542	14
3696	174777514	12
3696	174777500	12
3697	174777542	14
3697	174777996	14
3698	174774234	69
3699	174777866	8
3700	174773500	11
3700	174777592	11
3701	174777998	13
3702	174777786	12
3703	174777428	10
3704	174778526	10
3705	174774286	9
3705	174774048	9
3706	174774426	14
3706	174777842	14
3707	174777476	10
3707	174778148	10
3708	174777552	8
3709	174774146	9
3709	174777860	9
3710	174774420	7
3710	174773883	7
3711	174777650	14
3712	174778406	11
3713	174777638	10
3713	174778426	10
3714	174777408	14
3715	174777678	9
3715	174777816	9
3717	174777694	8
3717	174778342	8
3720	174773446	8
3720	174778380	8
3723	174778460	13
3725	174773334	11
3725	174777784	11
3727	174773324	12
3727	174773456	12
3729	174773521	62
3730	174777728	14
3731	174777670	9
3732	174778128	13
3733	174778204	10
3734	174777934	10
3734	174778562	10
3736	174777490	10
3736	174778142	10
3738	174774138	11
3738	174773706	11
3739	174773821	8
3739	174778554	8
3740	174773867	13
3740	174777866	13
3744	174777514	11
3744	174778148	11
3746	174773358	12
3746	174774336	12
3747	174777476	8
3747	174777500	8
3748	174777754	11
3748	174778306	11
3749	174778086	10
3750	174777678	13
3750	174777996	13
3754	174778400	8
3754	174778316	8
3755	174777438	12
3755	174778208	12
3757	174773500	10
3757	174778020	10
3758	174777694	8
3758	174777656	8
3759	174778086	11
3761	174774426	10
3761	174778398	10
3763	174778260	10
3764	174773789	8
3764	174778098	8
3766	174774266	11
3766	174773877	11
3769	174778504	11
3772	174773680	11
3772	174778014	11
3773	174778448	14
3773	174777442	14
3774	174774412	8
3774	174774068	8
3776	174774330	14
3776	174778280	14
3777	174773446	13
3778	174774228	12
3778	174773741	12
3785	174774288	8
3785	174774178	8
3786	174773755	14
3786	174778402	14
3789	174774346	9
3789	174773845	9
3791	174774484	9
3791	174774452	9
3792	174777582	11
3793	174773867	7
3793	174778524	7
3795	174774074	14
3795	174774076	14
3796	174778044	14
3796	174777500	14
3799	174778422	14
3799	174777496	14
3801	174773755	13
3801	174777766	13
3805	174774248	10
3805	174773907	10
3806	174774482	57
3807	174773510	7
3807	174773883	7
3808	174774050	12
3808	174774340	12
3809	174777748	10
3809	174778038	10
3810	174774362	14
3810	174773845	14
3811	174777538	14
3811	174777592	14
3812	174774032	14
3812	174777682	14
3813	174778482	8
3813	174778314	8
3814	174777686	10
3814	174777928	10
3816	174773544	8
3816	174778066	8
3818	174777542	14
3818	174778230	14
3819	174773809	8
3819	174774054	8
3820	174773821	12
3820	174778236	12
3821	174778572	11
3822	174773867	9
3822	174778212	9
3823	174774248	10
3823	174773817	10
3826	174777812	8
3826	174778212	8
3829	174778204	10
3830	174778412	10
3830	174777524	10
3831	174777422	14
3832	174774442	8
3832	174777948	8
3833	174778044	10
3833	174778240	10
3835	174774224	14
3835	174774184	14
3836	174777728	8
3836	174778374	8
3839	174778370	14
3839	174777442	14
3840	174773757	10
3841	174773488	14
3842	174777786	14
3843	174778178	8
3843	174778568	8
3844	174774194	13
3844	174774502	13
3845	174773348	8
3845	174777646	8
3847	174778196	11
3850	174773408	13
3850	174774242	13
3851	174778186	10
3852	174777472	11
3852	174778346	11
3853	174778482	8
3853	174777896	8
3855	174773680	9
3855	174777684	9
3859	174774474	14
3859	174778098	14
3860	174777876	9
3861	174778036	8
3861	174778342	8
3862	174778006	13
3863	174774286	11
3863	174774256	11
3865	174777392	11
3867	174777904	13
3867	174777560	13
3871	174777992	8
3873	174774036	10
3873	174773817	10
3874	174778282	13
3875	174777514	13
3875	174777642	13
3877	174773825	9
3877	174778046	9
3878	174774322	11
3878	174773490	11
3879	174778560	13
3880	174773358	7
3880	174774054	7
3881	174777750	9
3881	174778436	9
3885	174773905	9
3885	174774072	9
3886	174778042	14
3887	174774420	14
3887	174773845	14
3888	174773821	12
3888	174778208	12
3890	174774452	10
3894	174773765	12
3894	174773456	12
3895	174778042	11
3895	174777732	11
3896	174773372	73
3902	174777532	7
3902	174777642	7
3903	174778160	11
3903	174777534	11
3905	174774152	12
3907	174777686	11
3909	174778076	14
3909	174778376	14
3910	174777758	14
3910	174778306	14
3913	174773680	10
3913	174777930	10
3914	174777904	10
3914	174778256	10
3915	174778128	8
3916	174774000	9
3916	174773654	9
3917	174777550	12
3919	174773777	8
3919	174778032	8
3921	174777782	14
3921	174778580	14
3922	174773777	14
3922	174777500	14
3923	174777446	12
3923	174778376	12
3925	174777408	7
3926	174778518	7
3927	174774194	10
3927	174774242	10
3928	174778400	13
3928	174778508	13
3929	174778536	10
3931	174777728	11
3932	174777782	13
3932	174777614	13
3935	174774378	13
3935	174777426	13
3937	174777706	9
3937	174778148	9
3938	174778252	13
3938	174777496	13
3941	174778252	9
3943	174778042	8
3943	174778576	8
3945	174773755	12
3945	174778304	12
3946	174777982	9
3948	174774152	9
3948	174778306	9
3950	174777538	12
3950	174777866	12
3951	174773454	56
3953	174774138	12
3953	174773873	12
3955	174774142	11
3955	174778306	11
3957	174778482	14
3957	174777970	14
3959	174778592	10
3959	174777562	10
3961	174773755	9
3961	174778240	9
3962	174778244	9
3963	174774308	12
3964	174774180	11
3964	174778218	11
3965	174777438	13
3965	174777682	13
3967	174778194	11
3967	174777562	11
3969	174778586	11
3969	174778256	11
3971	174774474	8
3971	174778462	8
3972	174773825	10
3972	174778332	10
3974	174777728	14
3974	174777454	14
3979	174777670	12
3979	174777410	12
3980	174773600	7
3980	174777440	7
3981	174773809	12
3981	174773877	12
3983	174778034	9
3983	174778218	9
3984	174773498	10
3984	174778110	10
3985	174778140	9
3985	174777814	9
3986	174773486	8
3986	174773586	8
3988	174777792	14
3988	174778118	14
3989	174777674	13
3989	174778118	13
3991	174773757	10
3991	174773712	10
3993	174778422	13
3993	174777698	13
3994	174778356	9
3994	174778402	9
3995	174778548	8
3996	174777678	8
3996	174778456	8
3999	174778504	12
4002	174778512	9
4002	174778304	9
4004	174774314	12
4004	174773979	12
4006	174778528	12
4006	174778334	12
4009	174774426	13
4009	174777890	13
4012	174778536	13
4013	174773480	7
4013	174778478	7
4016	174778412	13
4016	174778048	13
4017	174777806	12
4017	174777388	12
4018	174777900	11
4018	174777426	11
4020	174778586	12
4020	174778580	12
4021	174778036	14
4021	174777864	14
4022	174774248	10
4023	174773422	66
4025	174777538	9
4025	174778056	9
4027	174778200	8
4029	174773318	14
4029	174773835	14
4030	174777596	10
4030	174778346	10
4031	174777982	9
4031	174778576	9
4032	174778086	9
4033	174773638	14
4033	174778066	14
4034	174773813	9
4034	174777898	9
4035	174773480	7
4035	174777896	7
4036	174778504	8
4038	174774074	12
4038	174773456	12
4041	174773523	11
4041	174773454	11
4042	174777420	9
4042	174778256	9
4043	174774484	12
4043	174773773	12
4044	174774474	13
4044	174777936	13
4045	174778178	7
4045	174777436	7
4046	174773626	63
4047	174774362	14
4047	174773712	14
4049	174774190	10
4049	174774422	10
4051	174778220	10
4053	174778052	12
4053	174777600	12
4054	174778360	12
4054	174778322	12
4055	174778188	14
4057	174774420	10
4057	174774340	10
4058	174774276	10
4058	174778218	10
4060	174774146	9
4060	174777864	9
4061	174778042	13
4061	174778078	13
4062	174773606	10
4062	174773594	10
4064	174778244	10
4068	174778204	7
4069	174777678	8
4069	174778048	8
4073	174777836	12
4073	174777864	12
4075	174777966	8
4077	174778244	11
4078	174777828	9
4080	174774032	11
4080	174777984	11
4083	174777694	11
4083	174777498	11
4086	174773646	13
4086	174773845	13
4087	174777552	10
4088	174778534	12
4090	174778324	11
4091	174778400	8
4091	174778472	8
4093	174778488	11
4095	174777712	8
4095	174778102	8
4096	174773624	12
4096	174773879	12
4097	174778252	13
4099	174774288	11
4099	174773512	11
4101	174773777	12
4101	174778462	12
4102	174777796	10
4104	174774032	13
4104	174777454	13
4106	174777670	9
4106	174778322	9
4108	174777428	10
4109	174774276	8
4109	174777740	8
4110	174778036	11
4110	174777656	11
4113	174774074	10
4113	174774184	10
4115	174773873	12
4116	174773606	14
4116	174773542	14
4117	174777782	14
4117	174778304	14
4120	174777908	11
4120	174778398	11
4121	174774000	14
4121	174773883	14
4122	174778022	8
4123	174773909	13
4123	174773735	13
4124	174778512	8
4124	174778078	8
4126	174774462	8
4126	174777714	8
4127	174777674	12
4127	174778544	12
4128	174778036	11
4128	174778480	11
4129	174774462	12
4129	174777440	12
4130	174773867	13
4130	174778306	13
4133	174773905	7
4133	174773791	7
4134	174774108	14
4135	174773851	7
4135	174773879	7
4137	174777422	14
4138	174778592	10
4138	174777454	10
4140	174778504	9
4141	174774324	10
4141	174773320	10
4142	174773855	7
4142	174774340	7
4143	174778518	7
4143	174777496	7
4144	174777848	8
4144	174778444	8
4146	174778042	9
4147	174773664	12
4147	174773988	12
4150	174774228	11
4150	174773979	11
4151	174778104	14
4151	174777614	14
4153	174777638	10
4155	174777748	14
4155	174777814	14
4156	174773336	7
4156	174777898	7
4157	174778494	9
4158	174773777	10
4158	174778420	10
4159	174773755	11
4159	174778144	11
4161	174777760	9
4163	174778442	10
4163	174778100	10
4164	174777798	10
4165	174778086	8
4167	174777468	14
4167	174778420	14
4168	174777976	7
4173	174773891	10
4173	174773741	10
4174	174773636	12
4174	174773464	12
4175	174777408	14
4177	174777904	10
4177	174777992	10
4181	174777870	14
4182	174777908	13
4182	174778346	13
4185	174778052	14
4187	174778412	12
4187	174778500	12
4189	174773336	10
4189	174777558	10
4190	174773785	14
4194	174773424	9
4194	174774156	9
4198	174774426	10
4198	174778314	10
4200	174774228	8
4200	174773382	8
4201	174777678	8
4201	174778110	8
4202	174773606	9
4202	174773835	9
4203	174773855	7
4203	174773382	7
4206	174773523	13
4206	174773674	13
4207	174773426	58
4211	174777750	14
4211	174778576	14
4212	174777934	11
4212	174777732	11
4215	174778572	14
4215	174778142	14
4216	174778400	13
4216	174778374	13
4217	174778572	14
4218	174773777	10
4218	174778444	10
4220	174777622	14
4221	174773664	9
4221	174774256	9
4226	174773855	7
4226	174773791	7
4228	174778094	13
4228	174778102	13
4229	174777842	10
4230	174778536	12
4231	174778394	8
4232	174773336	8
4232	174778056	8
4234	174778482	11
4234	174778474	11
4235	174773534	9
4235	174773883	9
4236	174777552	8
4239	174773610	13
4241	174777728	14
4241	174777914	14
4243	174773777	11
4243	174778268	11
4244	174777982	13
4244	174777632	13
4248	174774316	13
4248	174774120	13
4250	174777994	11
4251	174773336	10
4251	174777734	10
4252	174777628	8
4252	174778436	8
4254	174778044	8
4254	174778544	8
4255	174774040	12
4255	174777898	12
4256	174774334	14
4256	174773879	14
4257	174777720	12
4257	174777732	12
4258	174773998	7
4260	174773777	10
4260	174777788	10
4265	174778084	12
4266	174777900	8
4266	174778508	8
4267	174777828	10
4267	174778426	10
4268	174777782	9
4268	174778342	9
4269	174778448	9
4272	174777596	10
4272	174777682	10
4276	174773500	8
4276	174777788	8
4278	174774074	8
4279	174773825	9
4279	174777930	9
4280	174773390	14
4282	174773990	14
4282	174773817	14
4283	174774160	12
4283	174773967	12
4284	174778400	11
4285	174773821	12
4285	174778398	12
4286	174773534	11
4286	174773988	11
4287	174778528	12
4287	174778472	12
4288	174773909	11
4288	174774452	11
4289	174777900	14
4289	174777498	14
4290	174778440	13
4290	174777404	13
4291	174774160	14
4291	174773382	14
4292	174778178	9
4292	174778576	9
4293	174777934	7
4293	174778316	7
4297	174773809	9
4297	174774282	9
4298	174774152	12
4298	174778544	12
4300	174773348	12
4300	174777948	12
4301	174778520	12
4302	174777694	8
4302	174778334	8
4303	174777408	11
4304	174774364	8
4304	174774256	8
4305	174778272	12
4307	174777590	10
4311	174777538	13
4311	174778110	13
4312	174773390	9
4312	174774340	9
4313	174778590	10
4314	174773998	12
4315	174777986	9
4315	174778394	9
4316	174773909	12
4316	174773791	12
4317	174777420	14
4317	174777682	14
4318	174774462	8
4318	174778574	8
4320	174777772	10
4321	174773777	14
4321	174778524	14
4322	174773638	12
4322	174777592	12
4324	174778400	7
4324	174777854	7
4326	174773907	13
4327	174777994	9
4327	174777632	9
4328	174777994	7
4329	174777894	14
4330	174773600	13
4330	174777558	13
4333	174778480	14
4335	174774334	13
4335	174774210	13
4336	174774466	36
4337	174778482	13
4337	174777774	13
4338	174773564	9
4338	174774184	9
4339	174773855	13
4339	174774452	13
4340	174777538	9
4340	174777426	9
4343	174778172	11
4344	174777694	8
4344	174777436	8
4345	174777958	12
4346	174773324	14
4346	174773506	14
4347	174777806	13
4347	174777984	13
4348	174777454	9
4349	174777750	12
4351	174777806	10
4351	174778122	10
4353	174778194	8
4353	174778346	8
4354	174774442	7
4354	174778028	7
4355	174773523	11
4355	174773586	11
4356	174777904	7
4356	174778078	7
4357	174773783	7
4357	174774340	7
4358	174773905	8
4358	174774308	8
4359	174778528	8
4359	174778100	8
4360	174773909	14
4360	174773835	14
4362	174773564	11
4362	174773817	11
4363	174777806	11
4363	174777580	11
4364	174773905	11
4364	174773594	11
4368	174773757	11
4368	174773873	11
4369	174774426	8
4369	174777682	8
4370	174774152	10
4370	174778288	10
4373	174777870	11
4374	174778248	14
4374	174778354	14
4376	174773592	14
4376	174773845	14
4377	174777750	12
4379	174778592	10
4379	174777854	10
4380	174777596	9
4380	174777732	9
4381	174773905	9
4381	174774054	9
4383	174774194	8
4383	174774496	8
4384	174773809	14
4384	174773785	14
4387	174777934	12
4387	174778426	12
4388	174778412	12
4388	174777516	12
4389	174774124	12
4389	174773879	12
4390	174773765	8
4390	174773883	8
4391	174778406	8
4392	174778464	8
4392	174777560	8
4393	174773523	10
4393	174773594	10
4394	174777886	14
4394	174778398	14
4396	174777428	11
4400	174773706	12
4401	174773510	14
4401	174773456	14
4402	174778406	13
4403	174773504	11
4403	174774340	11
4404	174778460	13
4405	174777904	8
4405	174778584	8
4406	174773600	10
4406	174778172	10
4407	174774160	14
4407	174773791	14
4408	174777828	10
4410	174773564	13
4410	174773879	13
4411	174773544	11
4411	174778110	11
4412	174773664	14
4412	174774242	14
4415	174778518	8
4415	174778374	8
4417	174773480	9
4417	174778472	9
4418	174773905	14
4418	174773464	14
4419	174773424	14
4419	174773845	14
4421	174773442	14
4421	174778420	14
4425	174773552	12
4425	174777592	12
4428	174777670	13
4430	174774266	12
4430	174774242	12
4431	174778036	7
4431	174777580	7
4432	174774266	10
4432	174773536	10
4433	174778448	10
4433	174777878	10
4435	174774288	13
4435	174773845	13
4437	174773348	9
4437	174778218	9
4438	174778260	8
4439	174778186	14
4441	174774190	14
4441	174774256	14
4443	174777684	8
4445	174777670	11
4446	174774224	8
4446	174773464	8
4448	174773336	7
4448	174778308	7
4451	174774064	70
4454	174777428	11
4455	174773755	12
4455	174777404	12
4458	174777836	10
4458	174777622	10
4460	174778442	12
4460	174778078	12
4461	174773390	13
4461	174774156	13
4463	174777828	11
4464	174777596	13
4464	174777984	13
4465	174778592	12
4467	174778590	14
4468	174778310	12
4470	174778200	14
4471	174777456	9
4471	174778078	9
4473	174773318	11
4473	174773706	11
4475	174774074	10
4475	174774210	10
4476	174777836	7
4477	174778200	9
4478	174774040	9
4478	174777618	9
4481	174773336	8
4481	174778286	8
4482	174777404	13
4484	174777638	14
4484	174778576	14
4485	174773348	13
4485	174778172	13
4489	174774420	12
4489	174773474	12
4491	174774032	12
4491	174777878	12
4495	174774152	9
4495	174778526	9
4496	174778036	10
4496	174778402	10
4497	174778482	9
4497	174778048	9
4499	174774426	10
4499	174777984	10
4500	174777694	8
4500	174777910	8
4503	174777906	8
4505	174774276	10
4505	174777510	10
4511	174778518	11
4511	174777454	11
4513	174777678	12
4513	174777622	12
4515	174774378	13
4515	174777896	13
4517	174778014	9
4518	174778442	7
4518	174778472	7
4519	174773638	9
4519	174778098	9
4520	174777638	11
4522	174778016	8
4522	174777842	8
4524	174778260	10
4525	174778422	13
4525	174777910	13
4529	174774344	154
4530	174777904	11
4530	174777562	11
4531	174778464	12
4532	174778548	8
4533	174778068	13
4534	174778572	13
4535	174778592	14
4535	174777698	14
4536	174773909	7
4536	174773512	7
4538	174777712	12
4538	174778456	12
4542	174777412	11
4542	174777534	11
4543	174777438	11
4545	174774146	11
4545	174778236	11
4546	174773867	7
4546	174778534	7
4548	174773905	9
4548	174774068	9
4549	174778120	10
4550	174777694	13
4550	174778078	13
4551	174777908	12
4551	174777854	12
4552	174777838	13
4553	174774152	12
4553	174777898	12
4555	174778196	9
4558	174777438	12
4558	174778478	12
4559	174777958	13
4560	174778210	8
4560	174777496	8
4563	174773825	7
4566	174773523	14
4566	174773400	14
4567	174774346	11
4567	174774156	11
4569	174773523	10
4569	174773344	10
4572	174773867	9
4572	174777646	9
4574	174778240	14
4575	174778504	11
4575	174778316	11
4576	174778044	7
4576	174778574	7
4577	174777796	12
4578	174773616	50
4579	174777408	13
4580	174774412	8
4580	174773889	8
4582	174773905	12
4584	174777782	13
4584	174777878	13
4585	174777514	8
4585	174778306	8
4587	174777510	9
4592	174773480	8
4592	174778102	8
4593	174777886	13
4593	174778102	13
4595	174774426	10
4595	174778342	10
4596	174777428	10
4597	174774228	12
4597	174773939	12
4598	174774322	13
4598	174774156	13
4599	174774050	13
4599	174774256	13
4600	174778186	12
4604	174778194	8
4604	174778304	8
4605	174778282	14
4606	174773680	14
4606	174778534	14
4607	174777904	11
4607	174778322	11
4609	174773498	13
4609	174778280	13
4610	174773318	12
4610	174774108	12
4612	174778252	14
4613	174777994	9
4614	174778406	9
4617	174773592	7
4617	174773979	7
4620	174777686	14
4622	174773318	13
4622	174774156	13
4624	174774270	58
4625	174778422	12
4625	174778508	12
4626	174774364	8
4626	174773835	8
4628	174774032	14
4628	174778208	14
4629	174777634	10
4630	174778464	11
4630	174777534	11
4632	174774426	7
4632	174777436	7
4636	174773336	12
4636	174777642	12
4637	174774152	10
4637	174778456	10
4638	174778592	8
4638	174778102	8
4639	174773594	11
4640	174778528	9
4640	174777842	9
4641	174774152	10
4641	174777448	10
4643	174777894	9
4644	174778422	10
4644	174778038	10
4645	174773757	9
4645	174773791	9
4647	174778048	11
4648	174778504	12
4648	174778322	12
4649	174774074	12
4649	174773706	12
4650	174774462	9
4650	174778188	9
4652	174777806	14
4652	174778584	14
4653	174778572	13
4654	174778586	10
4654	174778100	10
4655	174774286	11
4655	174773817	11
4656	174773500	11
4656	174778450	11
4657	174777694	8
4657	174777454	8
4658	174777998	7
4660	174778160	13
4660	174778038	13
4661	174777408	12
4663	174773867	7
4663	174778308	7
4664	174774194	8
4664	174773364	8
4665	174777904	8
4665	174777614	8
4667	174778194	9
4667	174777656	9
4668	174777870	8
4670	174777828	8
4670	174778322	8
4671	174773336	10
4671	174777968	10
4673	174777904	8
4673	174777842	8
4676	174774168	66
4677	174777490	8
4677	174777410	8
4678	174777408	11
4681	174773564	9
4681	174773883	9
4682	174778194	10
4682	174777698	10
4683	174778520	8
4684	174778546	12
4685	174773408	9
4685	174774422	9
4686	174777772	10
4687	174777924	7
4687	174777822	7
4688	174777638	11
4689	174773384	75
4690	174777748	8
4690	174778426	8
4691	174777882	8
4691	174777592	8
4692	174773761	92
4695	174773664	10
4695	174773364	10
4697	174778220	9
4698	174778218	14
4699	174777670	12
4701	174777422	12
4701	174778322	12
4702	174773905	11
4702	174773939	11
4706	174773336	14
4706	174778462	14
4707	174773523	10
4707	174773853	10
4708	174773336	14
4708	174778046	14
4709	174777906	13
4710	174778546	13
4712	174778464	12
4712	174777562	12
4714	174773442	14
4714	174778524	14
4715	174778586	8
4715	174777534	8
4717	174773897	11
4717	174774156	11
4719	174778220	9
4721	174774022	13
4721	174777424	13
4722	174774346	11
4722	174774178	11
4723	174777836	10
4723	174777984	10
4729	174773442	10
4729	174777784	10
4730	174778482	14
4730	174778398	14
4732	174773905	13
4732	174773883	13
4734	174773646	8
4734	174774340	8
4736	174778528	8
4736	174777698	8
4738	174778462	14
4739	174773348	11
4739	174777618	11
4740	174777788	8
4741	174774032	7
4741	174778346	7
4742	174777748	13
4742	174777614	13
4745	174777408	7
4746	174774016	98
4747	174777476	12
4747	174778402	12
4748	174777694	11
4748	174778314	11
4751	174777906	8
4755	174778252	14
4755	174778256	14
4756	174777828	12
4759	174778560	12
4761	174774040	13
4761	174777488	13
4762	174774152	12
4762	174778380	12
4763	174777836	14
4763	174777774	14
4767	174777438	10
4767	174777984	10
4772	174773825	12
4772	174777618	12
4773	174774266	13
4773	174773791	13
4775	174774146	13
4775	174777404	13
4776	174778504	10
4777	174777476	13
4777	174777996	13
4780	174777982	12
4783	174777436	13
4788	174774152	13
4788	174778240	13
4789	174774256	10
4791	174773480	10
4791	174777842	10
4794	174774152	8
4794	174778110	8
4798	174773500	13
4798	174777740	13
4799	174773825	11
4799	174777898	11
4800	174773523	13
4800	174774068	13
4802	174778036	8
4802	174778148	8
4803	174774324	10
4803	174773712	10
4804	174778464	10
4804	174778078	10
4805	174778528	14
4805	174778084	14
4808	174774032	14
4808	174778350	14
4809	174774462	10
4809	174778332	10
4811	174773917	7
4815	174773592	11
4815	174774422	11
4816	174773534	7
4816	174773879	7
4817	174774150	33
4820	174777982	9
4820	174778322	9
4823	174773336	8
4823	174777474	8
4824	174778086	11
4825	174778572	11
4827	174777904	8
4830	174773486	14
4832	174777838	11
4833	174777650	11
4836	174773909	12
4836	174773873	12
4837	174774032	11
4837	174777436	11
4838	174777750	8
4838	174777910	8
4840	174773877	11
4843	174777438	10
4843	174777436	10
4846	174774378	8
4846	174777622	8
4849	174773777	7
4849	174778056	7
4851	174774152	7
4851	174777938	7
4853	174774394	64
4854	174777972	11
4855	174777542	9
4855	174777506	9
4858	174778196	10
4861	174778422	10
4861	174777928	10
4863	174773847	50
4864	174778160	9
4864	174778436	9
4865	174773480	8
4865	174777580	8
4866	174774266	11
4866	174773594	11
4868	174773510	14
4868	174774076	14
4871	174777982	7
4872	174773364	9
4873	174778252	12
4877	174777806	7
4877	174778314	7
4878	174773777	14
4878	174777784	14
4880	174774472	10
4880	174778240	10
4882	174773979	9
4883	174777726	8
4884	174777806	12
4884	174778102	12
4888	174773527	129
4890	174773777	11
4890	174777860	11
4891	174774426	9
4891	174778584	9
4892	174773755	10
4892	174777890	10
4897	174773336	13
4897	174777788	13
4898	174777886	10
4898	174777878	10
4899	174778450	9
4900	174778192	8
4902	174777828	10
4903	174773534	9
4904	174777558	9
4907	174773887	8
4907	174774256	8
4911	174773755	11
4911	174777816	11
4914	174773442	7
4914	174777996	7
4918	174774286	10
4918	174773382	10
4920	174777900	10
4920	174778554	10
4922	174778520	9
4923	174773990	14
4923	174774256	14
4925	174778512	9
4925	174777614	9
4927	174778528	11
4927	174778236	11
4930	174778200	10
4932	174777886	14
4932	174777580	14
4933	174773500	9
4933	174778306	9
4939	174773480	9
4939	174778122	9
4940	174777438	10
4940	174777562	10
4941	174773500	12
4941	174778172	12
4942	174773867	8
4942	174777500	8
4943	174777562	8
4945	174773783	9
4945	174774256	9
4947	174773468	120
4950	174777720	13
4950	174777842	13
4951	174778140	7
4951	174778350	7
4952	174778504	10
4954	174777626	13
4958	174778520	9
4959	174774040	13
4959	174777510	13
4960	174774378	10
4960	174778144	10
4961	174773825	9
4961	174778380	9
4962	174774002	71
4965	174777972	12
4966	174773990	9
4966	174773464	9
4967	174777476	14
4967	174778444	14
4968	174777828	11
4969	174778442	13
4969	174777534	13
4971	174777904	11
4971	174778350	11
4973	174778586	11
4973	174778584	11
4975	174778244	14
4976	174777972	10
4980	174774282	113
4981	174777750	12
4982	174773919	13
4982	174778028	13
4983	174774224	12
4984	174774160	8
4984	174774308	8
4986	174774412	8
4986	174774422	8
4988	174778160	14
4988	174777562	14
4989	174777670	11
4990	174773510	8
4990	174774256	8
4992	174773408	11
4992	174773877	11
4993	174777822	8
4995	174773600	9
4995	174778450	9
4996	174773348	9
4996	174777898	9
4999	174777972	7
5001	174774010	45
5002	174773500	14
5002	174777938	14
5003	174773500	12
5003	174777734	12
5004	174774228	8
5004	174773344	8
5005	174774138	7
5005	174773382	7
5006	174777836	10
5006	174777896	10
5008	174777904	7
5008	174777632	7
5009	174774324	11
5009	174774156	11
5010	174777590	8
5011	174773632	67
5012	174777972	8
5013	174774036	14
5013	174773791	14
5015	174774416	75
5017	174773500	11
5017	174778258	11
5022	174774420	9
5022	174773320	9
5026	174777720	12
5026	174777910	12
5027	174778160	12
5027	174777560	12
5031	174773336	8
5031	174777930	8
5037	174774272	66
5038	174774124	11
5039	174774372	13
5039	174774256	13
5040	174774178	10
5046	174773765	13
5046	174773979	13
5047	174774224	12
5047	174774256	12
5050	174774322	7
5050	174774422	7
5053	174778472	8
5055	174777422	12
5055	174777632	12
5056	174777516	9
5057	174777476	13
5057	174777592	13
5058	174778160	7
5060	174777982	9
5060	174777534	9
5061	174778586	7
5061	174778472	7
5062	174778528	9
5062	174778346	9
5064	174774434	115
5065	174777994	11
5065	174778078	11
5066	174777644	11
5066	174778304	11
5069	174777906	11
5071	174778122	12
5072	174778220	9
5073	174773722	180
5074	174773480	8
5075	174773480	8
5075	174777854	8
5076	174774032	14
5076	174778478	14
5078	174777440	10
5079	174773538	73
5081	174774032	7
5081	174778236	7
5082	174773654	7
5086	174778402	11
5087	174778194	11
5087	174778472	11
5088	174773358	11
5088	174774240	11
5089	174774426	8
5089	174777562	8
5091	174773867	10
5091	174778432	10
5093	174777994	9
5094	174774322	14
5094	174773979	14
5101	174777670	7
5103	174777972	11
5104	174773344	14
5105	174778194	14
5105	174778038	14
5106	174778044	10
5106	174777896	10
5107	174778508	11
5110	174774000	14
5110	174774008	14
5111	174777618	14
5112	174777670	9
5112	174777632	9
5113	174777488	8
5114	174777968	12
5119	174773480	12
5119	174777562	12
5121	174778160	12
5121	174777632	12
5122	174778220	13
5123	174773983	64
5124	174777720	14
5124	174777534	14
5126	174777828	10
5127	174774162	54
5128	174778260	12
5129	174777422	7
5130	174778442	10
5132	174777726	12
5134	174777422	8
5139	174774298	11
5140	174777726	9
5145	174774032	9
5145	174777534	9
5146	174773480	8
5146	174777698	8
5147	174777608	9
5148	174777608	14
5149	174774190	10
5149	174773706	10
5152	174777970	8
5153	174778528	9
5153	174778350	9
5154	174778528	9
5154	174778584	9
5155	174777972	9
5157	174777598	9
5158	174777726	14
5161	174777490	9
5161	174777910	9
5163	174773318	10
5164	174778426	9
5165	174777972	10
5166	174777632	10
5167	174778564	9
5169	174773510	12
5169	174773889	12
5172	174778308	12
5173	174777836	12
5173	174777580	12
5174	174777670	13
5176	174773670	57
5177	174774364	14
5177	174773979	14
5180	174778380	10
5181	174777608	8
5183	174777598	10
5184	174773757	7
5184	174773382	7
5186	174778332	53
5187	174777828	11
5187	174777910	11
5192	174777598	10
5193	174778260	11
5194	174778528	14
5194	174777766	14
5196	174777694	11
5196	174778436	11
5197	174774054	8
5199	174773795	79
5200	174777486	9
5200	174777866	9
5201	174774190	14
5201	174773464	14
5202	174773704	8
5203	174774278	69
5204	174777598	10
5207	174777670	10
5208	174777972	7
5210	174778194	10
5210	174777560	10
5211	174777972	13
5213	174777948	10
5215	174773512	12
5216	174773893	9
5218	174778554	11
5221	174773777	10
5221	174777752	10
5222	174774286	8
5222	174774422	8
5223	174778046	11
5226	174777774	12
5227	174778524	12
5229	174777598	13
5230	174777904	13
5230	174777854	13
5233	174777664	9
5233	174777734	9
5236	174774322	14
5236	174773883	14
5237	174773366	88
5238	174774372	11
5238	174773490	11
5239	174777422	8
5241	174777422	8
5242	177411969	74
5244	174777792	7
5244	174778280	7
5246	174774336	60
5249	174778436	12
5253	174773480	10
5253	174778236	10
5254	174778572	13
5259	174773564	10
5261	174777670	10
5263	174774144	13
5266	174777390	9
5267	174777422	13
5269	174777910	9
5270	174774314	14
5270	174773741	14
5271	174774226	59
5272	174778260	14
5274	174777904	8
5274	174778426	8
5275	174778586	14
5275	174778376	14
5276	174773510	14
5276	174773706	14
5278	174778220	9
5281	174777608	14
5284	174773757	11
5284	174773853	11
5285	174774428	54
5286	174777608	12
5289	174777438	12
5289	174778472	12
5290	174774072	69
5294	174773542	14
5298	174773502	129
5299	174773470	102
5300	174773945	55
5301	174773480	11
5301	174778398	11
5302	174774232	30
5303	174777598	12
5304	174773851	12
5306	174778194	7
5306	174777436	7
5307	174778280	11
5308	174777670	10
5308	174778426	10
5309	174774032	8
5309	174777896	8
5310	174778148	13
5312	174777642	11
5316	174774468	76
5317	174777782	8
5317	174778436	8
5321	174778520	9
5323	174778528	11
5323	174777896	11
5324	174777714	11
5325	174777828	10
5327	174777816	10
5329	174778306	12
5330	174774334	10
5331	174773931	62
5332	174774316	13
5333	174774176	60
5334	174777608	12
5335	174777854	8
5336	174778528	13
5336	174777854	13
5337	174778442	11
5337	174778436	11
5338	174777638	9
5338	174777910	9
5340	174774220	83
5341	174774478	78
5342	174778574	9
5344	174777422	14
5344	174778426	14
5345	174777422	12
5350	174777744	13
5351	174777720	13
5352	174774300	67
5355	174773442	14
5355	174778474	14
5356	174773668	80
5357	174773638	14
5357	174777734	14
5358	174778528	13
5358	174778398	13
5360	174773662	68
5361	174774242	11
5362	174773392	75
5364	174773773	142
5366	174777592	14
5371	174777670	9
5374	174773340	116
5378	174773424	12
5380	174773749	69
5382	174777726	10
5385	174773755	14
5385	174778212	14
5389	174774324	7
5391	174774190	12
5392	174777608	13
5394	174777576	13
5395	174774420	12
5396	174777598	11
5397	174773440	151
5398	174774322	12
5399	174777740	13
5402	174773887	40
5406	174777930	9
5408	174778194	14
5408	174777854	14
5409	174773434	59
5410	174773765	14
5415	174777882	12
5415	174778110	12
5416	174773897	58
5417	174778442	13
5418	174774240	74
5421	174777896	11
5422	174777720	12
5423	174777894	10
5424	174778520	11
5425	174778220	9
5426	174773504	14
5427	174777580	9
5428	174778504	13
5430	174777864	8
5433	174773660	66
5434	174778110	9
5437	174778288	13
5440	174777752	9
5441	174774152	8
5441	174777488	8
5442	174774312	74
5443	174773334	7
5443	174778188	7
5444	174778532	8
5444	174778272	8
5445	174774190	10
5445	174773873	10
5446	174774502	46
5448	174778252	8
5449	174773442	10
5449	174777766	10
5450	174777608	8
5452	174777972	8
5455	174773600	9
5455	174778288	9
5457	174777422	8
5458	174774032	7
5458	174777842	7
5459	174778286	8
5462	174773624	7
5464	174777720	10
5467	174777972	9
5468	174774006	87
5470	174774364	8
5471	174773861	44
5476	174773382	9
5477	174777766	10
5479	174774050	8
5480	174773558	71
5481	174777484	10
5482	174774422	13
5484	174777574	11
5488	174773694	14
5489	174777996	9
5494	174773674	73
5495	174777590	9
5496	174777860	8
5497	174773813	13
5497	174777642	13
5499	174778432	12
5500	174774170	88
